-62.000 141.000 8.000
-56.000 161.000 -80.000
-32.000 150.000 -59.000
-109.000 129.000 15.000
-105.000 163.000 -4.000
-87.000 185.000 -50.000
15.000 70.000 -16.000
-30.000 159.000 -112.000
-116.000 120.000 38.000
-44.000 133.000 -20.000
-65.000 157.000 -97.000
-128.000 165.000 9.000
-63.000 115.000 33.000
-128.000 142.000 35.000
-10.000 74.000 -28.000
-80.000 142.000 -68.000
-92.000 133.000 41.000
-146.000 172.000 7.000
-11.000 121.000 -84.000
10.000 79.000 -57.000
-33.000 169.000 -92.000
-89.000 160.000 -79.000
-44.000 119.000 -20.000
-135.000 168.000 -24.000
-85.000 186.000 -52.000
-44.000 151.000 -53.000
-39.000 119.000 -54.000
-114.000 116.000 63.000
-36.000 154.000 -89.000
-38.000 115.000 -87.000
-125.000 115.000 68.000
-73.000 107.000 33.000
-111.000 174.000 -46.000
-91.000 116.000 -7.000
-43.000 121.000 -89.000
-84.000 148.000 -67.000
-121.000 174.000 -14.000
-135.000 182.000 1.000
-113.000 109.000 59.000
-101.000 135.000 64.000
14.000 107.000 -30.000
-120.000 127.000 -15.000
-43.000 91.000 -20.000
-26.000 85.000 -27.000
21.000 74.000 -36.000
-65.000 114.000 -38.000
-96.000 151.000 -51.000
-21.000 160.000 -103.000
-150.000 165.000 27.000
-29.000 161.000 -107.000
-52.000 165.000 -119.000
-124.000 116.000 52.000
-56.000 165.000 -32.000
-54.000 112.000 12.000
-45.000 128.000 -10.000
-109.000 183.000 -55.000
-114.000 130.000 26.000
2.000 129.000 -46.000
-108.000 168.000 -71.000
-48.000 152.000 -56.000
-49.000 75.000 15.000
-104.000 143.000 23.000
-27.000 141.000 -15.000
-103.000 160.000 -36.000
-125.000 153.000 -34.000
-108.000 176.000 0.000
9.000 101.000 -1.000
-18.000 80.000 -23.000
-115.000 133.000 -26.000
-23.000 140.000 -54.000
-123.000 119.000 75.000
-37.000 155.000 -109.000
-133.000 153.000 55.000
-130.000 120.000 25.000
-75.000 192.000 -77.000
-46.000 76.000 11.000
-65.000 113.000 -22.000
-42.000 108.000 -55.000
-76.000 169.000 -30.000
-113.000 100.000 56.000
2.000 96.000 -42.000
-83.000 135.000 35.000
-111.000 118.000 37.000
-129.000 119.000 64.000
-1.000 81.000 -57.000
-94.000 154.000 1.000
-77.000 154.000 -121.000
7.000 146.000 -70.000
-95.000 190.000 -55.000
-135.000 174.000 -19.000
-20.000 82.000 -2.000
-12.000 117.000 -24.000
-128.000 161.000 -5.000
-27.000 114.000 -28.000
-92.000 158.000 -50.000
-64.000 85.000 19.000
-121.000 168.000 -12.000
23.000 122.000 -64.000
18.000 127.000 -72.000
-96.000 140.000 44.000
-41.000 130.000 -51.000
6.000 79.000 1.000
-83.000 185.000 -50.000
-32.000 106.000 -54.000
12.000 116.000 -60.000
-127.000 155.000 25.000
-13.000 88.000 -47.000
-102.000 125.000 -2.000
-20.000 103.000 -46.000
-22.000 91.000 -52.000
-45.000 123.000 10.000
-140.000 170.000 -17.000
-94.000 142.000 -42.000
-86.000 168.000 -80.000
-133.000 130.000 -3.000
-121.000 144.000 48.000
-93.000 154.000 -87.000
-8.000 135.000 -81.000
-139.000 171.000 31.000
-122.000 125.000 3.000
-27.000 139.000 -70.000
-17.000 146.000 -107.000
-16.000 121.000 -7.000
-42.000 169.000 -88.000
-83.000 147.000 23.000
-56.000 157.000 -42.000
-10.000 126.000 -53.000
-50.000 97.000 37.000
-149.000 133.000 35.000
-57.000 94.000 38.000
-22.000 118.000 -53.000
2.000 85.000 -11.000
-60.000 89.000 33.000
-137.000 131.000 43.000
-141.000 160.000 -2.000
-121.000 191.000 -28.000
26.000 85.000 -31.000
-85.000 98.000 46.000
-76.000 121.000 11.000
-67.000 115.000 23.000
-76.000 179.000 -97.000
-151.000 147.000 33.000
-68.000 160.000 -124.000
-86.000 154.000 10.000
-150.000 163.000 20.000
-66.000 128.000 -55.000
15.000 79.000 -38.000
-70.000 174.000 -104.000
15.000 108.000 -46.000
-78.000 127.000 27.000
-7.000 102.000 -50.000
-9.000 101.000 -60.000
-9.000 115.000 -57.000
-48.000 127.000 -53.000
-123.000 165.000 -37.000
16.000 91.000 -51.000
0.000 133.000 -40.000
-49.000 149.000 -124.000
-67.000 92.000 16.000
-85.000 162.000 -32.000
-28.000 87.000 -26.000
-100.000 143.000 19.000
-45.000 113.000 12.000
-129.000 114.000 51.000
-85.000 108.000 50.000
-1.000 90.000 7.000
-82.000 111.000 -5.000
-5.000 150.000 -70.000
-99.000 181.000 -25.000
4.000 136.000 -67.000
-58.000 152.000 -75.000
-138.000 145.000 11.000
17.000 138.000 -63.000
-75.000 145.000 -106.000
-3.000 79.000 -18.000
-98.000 162.000 -72.000
-56.000 109.000 33.000
-19.000 96.000 -14.000
-60.000 91.000 -1.000
-89.000 106.000 40.000
-121.000 125.000 52.000
-77.000 106.000 9.000
-138.000 159.000 13.000
-89.000 148.000 -93.000
-119.000 156.000 -58.000
-3.000 102.000 -68.000
-20.000 92.000 -20.000
-55.000 167.000 -84.000
-123.000 142.000 -9.000
9.000 138.000 -57.000
-50.000 154.000 -25.000
-43.000 102.000 31.000
-25.000 128.000 -31.000
-116.000 172.000 -21.000
-70.000 137.000 17.000
-75.000 185.000 -84.000
-82.000 172.000 -35.000
-108.000 177.000 -3.000
-112.000 184.000 -18.000
-102.000 153.000 -17.000
-130.000 177.000 -38.000
-46.000 159.000 -102.000
-86.000 161.000 -60.000
-64.000 142.000 -1.000
-26.000 112.000 -61.000
-114.000 162.000 19.000
-13.000 141.000 -99.000
-97.000 169.000 4.000
-43.000 114.000 -39.000
-93.000 153.000 -75.000
-51.000 166.000 -124.000
-124.000 134.000 13.000
-42.000 159.000 -110.000
-49.000 96.000 12.000
-124.000 119.000 53.000
-11.000 109.000 -18.000
-85.000 163.000 -12.000
-98.000 125.000 -32.000
-73.000 170.000 -101.000
-83.000 127.000 33.000
-68.000 125.000 -50.000
-120.000 142.000 3.000
-4.000 89.000 -26.000
-51.000 155.000 -113.000
-21.000 127.000 -6.000
-65.000 135.000 -52.000
-79.000 122.000 -55.000
1.000 140.000 -86.000
-19.000 150.000 -56.000
-18.000 75.000 -27.000
-34.000 157.000 -46.000
-89.000 149.000 28.000
-56.000 113.000 -58.000
-7.000 93.000 -20.000
-23.000 117.000 -7.000
-70.000 164.000 -12.000
-139.000 158.000 25.000
-128.000 155.000 -7.000
-103.000 191.000 -86.000
-45.000 86.000 22.000
-94.000 132.000 61.000
-143.000 164.000 50.000
-118.000 119.000 57.000
-129.000 121.000 9.000
-64.000 115.000 -2.000
-87.000 167.000 -3.000
-59.000 145.000 -95.000
-58.000 180.000 -76.000
11.000 93.000 -61.000
-91.000 133.000 10.000
-11.000 85.000 -3.000
-21.000 115.000 -39.000
-68.000 125.000 21.000
-109.000 137.000 20.000
-5.000 103.000 -60.000
-59.000 135.000 -88.000
-85.000 131.000 37.000
-127.000 145.000 56.000
-138.000 148.000 32.000
11.000 136.000 -73.000
-12.000 132.000 -81.000
-62.000 102.000 13.000
-60.000 176.000 -62.000
-100.000 123.000 30.000
-117.000 146.000 51.000
-95.000 99.000 63.000
-1.000 154.000 -63.000
-126.000 158.000 48.000
-90.000 150.000 -1.000
-18.000 151.000 -91.000
-58.000 176.000 -43.000
-69.000 143.000 -48.000
-99.000 126.000 12.000
9.000 68.000 -16.000
-114.000 135.000 -28.000
-41.000 102.000 15.000
-72.000 191.000 -76.000
-38.000 71.000 11.000
-50.000 97.000 13.000
-91.000 148.000 -59.000
-32.000 105.000 1.000
-2.000 111.000 -23.000
-140.000 137.000 13.000
2.000 125.000 -34.000
-39.000 163.000 -58.000
-91.000 130.000 45.000
-101.000 125.000 67.000
-79.000 163.000 -103.000
-51.000 179.000 -90.000
-32.000 171.000 -69.000
-11.000 150.000 -61.000
-111.000 140.000 15.000
-83.000 153.000 -54.000
-57.000 114.000 31.000
-13.000 118.000 -50.000
-111.000 152.000 -27.000
-40.000 168.000 -58.000
-97.000 122.000 35.000
-51.000 112.000 -15.000
-17.000 111.000 -18.000
-94.000 138.000 34.000
-17.000 66.000 4.000
-16.000 138.000 -23.000
3.000 64.000 -25.000
-81.000 157.000 -90.000
-73.000 148.000 -16.000
-117.000 125.000 72.000
-117.000 128.000 26.000
-85.000 99.000 49.000
-26.000 114.000 -22.000
-84.000 171.000 -77.000
-27.000 110.000 -55.000
-55.000 116.000 1.000
-75.000 128.000 10.000
-73.000 175.000 -101.000
-55.000 91.000 45.000
-8.000 124.000 -41.000
-26.000 152.000 -102.000
-44.000 106.000 25.000
-12.000 147.000 -68.000
-6.000 112.000 -39.000
-47.000 164.000 -97.000
-143.000 168.000 38.000
-149.000 159.000 -4.000
28.000 82.000 -39.000
-33.000 96.000 -32.000
-90.000 149.000 -18.000
-59.000 153.000 -121.000
-29.000 129.000 -20.000
16.000 86.000 -9.000
-40.000 78.000 12.000
-89.000 166.000 -8.000
-100.000 133.000 62.000
-137.000 172.000 -26.000
-84.000 127.000 54.000
-67.000 178.000 -94.000
-95.000 180.000 -30.000
18.000 95.000 -42.000
-2.000 96.000 -70.000
-100.000 134.000 -42.000
-63.000 163.000 -116.000
-44.000 90.000 15.000
22.000 130.000 -58.000
-116.000 165.000 -38.000
-71.000 145.000 -14.000
-81.000 105.000 5.000
-38.000 129.000 6.000
-52.000 146.000 -34.000
-22.000 138.000 -72.000
-41.000 100.000 9.000
-44.000 148.000 -21.000
-120.000 124.000 -9.000
-14.000 145.000 -36.000
-112.000 118.000 32.000
-69.000 139.000 -6.000
-111.000 169.000 -30.000
-107.000 111.000 37.000
-70.000 167.000 -18.000
-104.000 142.000 59.000
-13.000 123.000 -83.000
-113.000 133.000 -27.000
-31.000 110.000 -72.000
-149.000 165.000 -7.000
-53.000 180.000 -90.000
-5.000 106.000 -33.000
-129.000 118.000 10.000
-22.000 154.000 -103.000
-115.000 113.000 68.000
-147.000 143.000 38.000
-41.000 160.000 -30.000
-135.000 160.000 27.000
-29.000 113.000 -47.000
-128.000 135.000 7.000
-121.000 112.000 46.000
-64.000 88.000 27.000
-133.000 135.000 35.000
0.000 146.000 -49.000
-33.000 112.000 -70.000
-52.000 131.000 -22.000
-29.000 118.000 -8.000
7.000 115.000 -80.000
-68.000 99.000 -16.000
-121.000 134.000 27.000
19.000 76.000 -16.000
-136.000 160.000 -5.000
-73.000 189.000 -87.000
-30.000 130.000 -66.000
-34.000 91.000 -24.000
-89.000 121.000 -4.000
-104.000 142.000 61.000
-116.000 188.000 -48.000
-82.000 179.000 -58.000
-88.000 122.000 25.000
-73.000 153.000 -116.000
-101.000 140.000 -54.000
-61.000 182.000 -93.000
-68.000 150.000 -8.000
-62.000 135.000 -9.000
-71.000 151.000 -3.000
21.000 128.000 -65.000
-23.000 123.000 -20.000
-35.000 166.000 -64.000
-5.000 82.000 -42.000
-127.000 136.000 45.000
-44.000 134.000 -84.000
-39.000 93.000 22.000
-125.000 160.000 25.000
-90.000 164.000 -106.000
-62.000 111.000 -14.000
-106.000 120.000 20.000
-25.000 118.000 -10.000
-41.000 112.000 6.000
-29.000 127.000 -66.000
-37.000 168.000 -82.000
-21.000 125.000 -71.000
-22.000 119.000 -27.000
-152.000 138.000 54.000
-73.000 140.000 -68.000
-140.000 143.000 39.000
-70.000 162.000 -114.000
-126.000 169.000 -39.000
-111.000 171.000 -4.000
-99.000 106.000 33.000
-101.000 153.000 3.000
4.000 97.000 -54.000
-29.000 155.000 -34.000
-90.000 139.000 -48.000
22.000 77.000 -43.000
-49.000 134.000 -25.000
-85.000 115.000 64.000
-38.000 93.000 -1.000
-127.000 162.000 1.000
-107.000 133.000 42.000
-81.000 160.000 5.000
-65.000 190.000 -94.000
-123.000 163.000 -31.000
-86.000 170.000 -52.000
-74.000 129.000 -77.000
-108.000 146.000 -10.000
-22.000 114.000 2.000
-52.000 103.000 -3.000
-44.000 150.000 -71.000
-19.000 76.000 -10.000
-100.000 129.000 35.000
-89.000 135.000 49.000
-61.000 145.000 -101.000
-80.000 184.000 -71.000
-78.000 143.000 18.000
-92.000 131.000 64.000
-66.000 140.000 -4.000
-109.000 137.000 49.000
-66.000 178.000 -113.000
-64.000 99.000 10.000
-103.000 146.000 46.000
-64.000 151.000 -101.000
-47.000 124.000 -62.000
-87.000 107.000 9.000
-68.000 135.000 -78.000
-39.000 107.000 -21.000
-144.000 161.000 41.000
-82.000 169.000 -84.000
-19.000 140.000 -23.000
9.000 110.000 -12.000
9.000 128.000 -40.000
-1.000 70.000 -15.000
-45.000 143.000 -73.000
-34.000 76.000 -8.000
-108.000 115.000 54.000
20.000 84.000 -29.000
17.000 79.000 -52.000
-108.000 174.000 -42.000
-106.000 142.000 -4.000
-12.000 119.000 -21.000
-61.000 146.000 -68.000
-50.000 136.000 -112.000
-49.000 171.000 -87.000
-66.000 149.000 -23.000
-149.000 168.000 35.000
-100.000 181.000 -49.000
-105.000 164.000 5.000
-68.000 146.000 -58.000
-39.000 137.000 -16.000
-24.000 109.000 -51.000
-44.000 131.000 -51.000
-104.000 136.000 56.000
-52.000 111.000 -1.000
-32.000 115.000 -84.000
-84.000 108.000 8.000
-109.000 123.000 42.000
-101.000 161.000 -52.000
-10.000 126.000 -15.000
-26.000 79.000 -33.000
-69.000 161.000 -97.000
-49.000 128.000 -15.000
-148.000 163.000 3.000
-108.000 169.000 -21.000
-44.000 104.000 -46.000
-64.000 156.000 -25.000
-116.000 171.000 7.000
9.000 89.000 -33.000
-42.000 116.000 -75.000
-139.000 165.000 37.000
-90.000 94.000 26.000
-91.000 180.000 -25.000
-111.000 185.000 -30.000
-35.000 112.000 -59.000
-136.000 147.000 49.000
-59.000 101.000 0.000
-109.000 170.000 -35.000
-150.000 162.000 48.000
-107.000 173.000 -59.000
-42.000 97.000 25.000
-86.000 99.000 67.000
-74.000 150.000 -71.000
-2.000 91.000 -41.000
-102.000 140.000 -37.000
-33.000 103.000 -30.000
-32.000 108.000 -19.000
-76.000 166.000 -36.000
-6.000 130.000 -24.000
-89.000 136.000 -6.000
-48.000 134.000 -68.000
-109.000 149.000 -40.000
-56.000 122.000 -27.000
-45.000 150.000 -112.000
-42.000 115.000 -45.000
-22.000 108.000 -22.000
-27.000 159.000 -61.000
-126.000 183.000 -50.000
-50.000 78.000 19.000
-147.000 148.000 34.000
13.000 108.000 -26.000
-140.000 135.000 11.000
-84.000 106.000 31.000
-94.000 98.000 39.000
-124.000 150.000 11.000
-4.000 150.000 -86.000
-117.000 131.000 41.000
-21.000 109.000 -26.000
-53.000 108.000 23.000
-12.000 141.000 -82.000
-136.000 185.000 -12.000
-40.000 160.000 -96.000
-134.000 173.000 2.000
-38.000 92.000 20.000
-88.000 105.000 -10.000
-66.000 127.000 -6.000
-106.000 118.000 10.000
-78.000 141.000 -81.000
-45.000 118.000 -71.000
-157.000 146.000 26.000
-24.000 114.000 -12.000
-20.000 91.000 -41.000
-94.000 164.000 -78.000
-129.000 156.000 -24.000
-39.000 93.000 22.000
-70.000 185.000 -114.000
-75.000 121.000 5.000
-90.000 113.000 51.000
-126.000 160.000 -31.000
-85.000 112.000 59.000
-35.000 119.000 -1.000
-87.000 166.000 -2.000
-84.000 126.000 -54.000
-43.000 146.000 -24.000
-138.000 127.000 12.000
-94.000 184.000 -67.000
-108.000 156.000 33.000
-22.000 107.000 -35.000
-34.000 159.000 -74.000
-111.000 118.000 12.000
-131.000 123.000 63.000
-95.000 138.000 -42.000
-44.000 155.000 -120.000
-139.000 152.000 -9.000
-62.000 128.000 -60.000
-131.000 137.000 -12.000
-57.000 146.000 -82.000
-139.000 158.000 30.000
-15.000 88.000 -41.000
-45.000 151.000 -83.000
-110.000 174.000 -13.000
-86.000 165.000 -28.000
-8.000 140.000 -98.000
-86.000 122.000 23.000
-132.000 111.000 54.000
-17.000 102.000 -38.000
-64.000 155.000 -56.000
-146.000 152.000 39.000
-51.000 107.000 39.000
-33.000 123.000 -68.000
-74.000 139.000 -17.000
-76.000 150.000 -6.000
-63.000 160.000 -116.000
-26.000 151.000 -79.000
9.000 84.000 -20.000
-64.000 160.000 -96.000
-25.000 148.000 -26.000
-35.000 117.000 -6.000
-19.000 69.000 6.000
0.000 125.000 -27.000
-139.000 146.000 55.000
-58.000 136.000 -35.000
-2.000 66.000 -27.000
-117.000 176.000 -53.000
-34.000 125.000 -34.000
-27.000 105.000 -2.000
-93.000 138.000 52.000
-138.000 129.000 21.000
-6.000 100.000 -64.000
-113.000 155.000 -50.000
16.000 121.000 -37.000
-75.000 139.000 -82.000
-105.000 150.000 -61.000
-36.000 109.000 1.000
6.000 74.000 -9.000
-113.000 150.000 -60.000
-62.000 138.000 -14.000
-131.000 151.000 -11.000
-88.000 177.000 -67.000
-75.000 139.000 -49.000
-15.000 91.000 -2.000
-109.000 137.000 25.000
-48.000 162.000 -117.000
-108.000 161.000 13.000
-75.000 145.000 -106.000
-130.000 165.000 -28.000
-142.000 135.000 67.000
-145.000 176.000 7.000
-54.000 123.000 -27.000
-1.000 130.000 -85.000
-63.000 129.000 29.000
-19.000 130.000 -87.000
-119.000 161.000 33.000
-4.000 117.000 -12.000
-39.000 72.000 9.000
-49.000 118.000 -56.000
-74.000 159.000 -37.000
-118.000 175.000 9.000
-102.000 148.000 -41.000
-133.000 165.000 33.000
-2.000 91.000 4.000
22.000 86.000 -13.000
-23.000 71.000 -24.000
-29.000 170.000 -76.000
9.000 112.000 -18.000
-118.000 134.000 56.000
-93.000 165.000 -106.000
-40.000 112.000 -18.000
-1.000 118.000 -46.000
-65.000 126.000 -13.000
-111.000 160.000 -55.000
-93.000 114.000 58.000
-131.000 123.000 37.000
-18.000 110.000 1.000
-103.000 116.000 29.000
-44.000 126.000 -62.000
4.000 110.000 -28.000
-89.000 147.000 -24.000
-68.000 123.000 -8.000
-14.000 116.000 -85.000
-34.000 136.000 -60.000
-102.000 133.000 7.000
-46.000 152.000 -63.000
-113.000 131.000 23.000
-66.000 114.000 43.000
-71.000 130.000 12.000
-93.000 131.000 50.000
-98.000 127.000 -38.000
-82.000 133.000 -25.000
-79.000 183.000 -93.000
-133.000 141.000 51.000
-31.000 130.000 -62.000
-72.000 95.000 6.000
-61.000 103.000 -4.000
-90.000 162.000 -12.000
-99.000 165.000 -41.000
-18.000 110.000 9.000
-47.000 176.000 -114.000
-118.000 161.000 -20.000
-109.000 171.000 -89.000
-89.000 103.000 2.000
-103.000 139.000 -25.000
-63.000 122.000 -54.000
-71.000 92.000 12.000
-13.000 149.000 -67.000
-83.000 157.000 -77.000
-10.000 81.000 0.000
-112.000 131.000 19.000
-6.000 79.000 -15.000
-82.000 129.000 -16.000
-70.000 134.000 -92.000
-119.000 135.000 -23.000
-103.000 132.000 -6.000
-38.000 169.000 -98.000
-103.000 180.000 -95.000
-128.000 150.000 53.000
-74.000 87.000 22.000
-29.000 168.000 -111.000
-53.000 172.000 -39.000
-142.000 120.000 46.000
-84.000 113.000 32.000
-84.000 122.000 -1.000
-18.000 156.000 -69.000
-79.000 116.000 -3.000
-39.000 142.000 -33.000
16.000 96.000 -49.000
-151.000 161.000 43.000
-103.000 154.000 0.000
-70.000 125.000 -63.000
-82.000 135.000 -79.000
-62.000 138.000 -72.000
-8.000 93.000 -33.000
20.000 82.000 -25.000
-49.000 124.000 -77.000
-45.000 105.000 21.000
-107.000 130.000 65.000
-13.000 81.000 -39.000
-128.000 160.000 -3.000
-32.000 72.000 -9.000
-109.000 110.000 48.000
-17.000 91.000 -17.000
-110.000 171.000 -42.000
-133.000 136.000 28.000
-129.000 134.000 68.000
-99.000 117.000 41.000
-123.000 174.000 -27.000
-27.000 127.000 -5.000
-69.000 171.000 -40.000
-63.000 180.000 -73.000
-103.000 119.000 -4.000
-114.000 137.000 16.000
-116.000 147.000 -31.000
-60.000 165.000 -29.000
-99.000 143.000 -6.000
-53.000 98.000 28.000
-33.000 145.000 -37.000
-107.000 163.000 9.000
-75.000 170.000 -76.000
-77.000 136.000 20.000
-16.000 109.000 -36.000
-91.000 99.000 43.000
-119.000 116.000 32.000
-87.000 188.000 -64.000
-68.000 128.000 -22.000
-118.000 192.000 -41.000
-102.000 138.000 -31.000
-6.000 70.000 -28.000
-38.000 164.000 -97.000
-59.000 148.000 -85.000
-35.000 103.000 -13.000
-149.000 167.000 2.000
-25.000 102.000 -19.000
-100.000 141.000 53.000
-90.000 106.000 17.000
-93.000 164.000 -82.000
-45.000 117.000 12.000
-125.000 179.000 -9.000
-57.000 171.000 -42.000
-37.000 99.000 -9.000
-87.000 147.000 -67.000
8.000 147.000 -58.000
-22.000 74.000 -13.000
-104.000 123.000 -25.000
-18.000 106.000 -8.000
-16.000 150.000 -55.000
-58.000 97.000 8.000
-20.000 126.000 -84.000
-81.000 101.000 31.000
-70.000 161.000 -25.000
-104.000 141.000 -7.000
-22.000 74.000 -21.000
-18.000 79.000 -5.000
-63.000 136.000 -3.000
-83.000 139.000 -76.000
-41.000 127.000 -103.000
-87.000 101.000 21.000
-81.000 159.000 -117.000
-156.000 136.000 51.000
-93.000 166.000 -32.000
-28.000 159.000 -64.000
-97.000 184.000 -85.000
-16.000 146.000 -95.000
-83.000 114.000 -4.000
-124.000 138.000 -26.000
-57.000 110.000 20.000
-30.000 93.000 -41.000
-50.000 120.000 19.000
-75.000 152.000 -33.000
-80.000 159.000 -85.000
-88.000 115.000 -16.000
-105.000 161.000 15.000
-39.000 149.000 -34.000
-27.000 109.000 -63.000
23.000 106.000 -32.000
-41.000 108.000 -2.000
-35.000 142.000 -24.000
5.000 104.000 -27.000
-118.000 162.000 -22.000
26.000 89.000 -23.000
-83.000 157.000 -69.000
-74.000 137.000 32.000
7.000 121.000 -83.000
-100.000 170.000 -93.000
-90.000 157.000 -38.000
-14.000 123.000 -28.000
-86.000 137.000 -21.000
-45.000 132.000 -40.000
-35.000 143.000 -33.000
-34.000 114.000 -74.000
-90.000 136.000 -43.000
-68.000 145.000 -29.000
-102.000 190.000 -42.000
-57.000 140.000 -66.000
6.000 83.000 -45.000
-132.000 145.000 71.000
-74.000 162.000 -102.000
-2.000 70.000 0.000
-23.000 109.000 -15.000
-106.000 137.000 -14.000
-83.000 99.000 39.000
-49.000 153.000 -23.000
-72.000 183.000 -113.000
-48.000 100.000 -21.000
4.000 102.000 -60.000
-50.000 126.000 7.000
-128.000 150.000 -22.000
-120.000 182.000 -57.000
0.000 90.000 6.000
-135.000 139.000 64.000
-105.000 170.000 -54.000
-50.000 132.000 -38.000
-84.000 149.000 -17.000
-89.000 141.000 30.000
-12.000 147.000 -76.000
-143.000 152.000 41.000
-144.000 144.000 34.000
-115.000 146.000 -46.000
-122.000 132.000 73.000
-88.000 155.000 -106.000
-5.000 147.000 -62.000
-104.000 119.000 60.000
-93.000 178.000 -18.000
0.000 94.000 6.000
10.000 115.000 -61.000
-111.000 184.000 -18.000
-40.000 131.000 -106.000
-137.000 166.000 34.000
-149.000 141.000 36.000
-68.000 138.000 29.000
-44.000 106.000 -9.000
-79.000 172.000 -103.000
-7.000 106.000 -53.000
-40.000 172.000 -113.000
-46.000 115.000 -20.000
25.000 80.000 -36.000
-126.000 172.000 -31.000
-118.000 154.000 -13.000
3.000 107.000 -32.000
-23.000 77.000 -3.000
-122.000 146.000 -9.000
-5.000 133.000 -33.000
-54.000 160.000 -25.000
-76.000 161.000 -47.000
-88.000 115.000 -19.000
-56.000 114.000 -9.000
-81.000 132.000 -19.000
-5.000 122.000 -72.000
-28.000 73.000 15.000
-105.000 131.000 2.000
-16.000 135.000 -28.000
-110.000 110.000 42.000
-1.000 119.000 -36.000
-35.000 169.000 -111.000
-97.000 102.000 20.000
-76.000 173.000 -87.000
-61.000 111.000 -54.000
-34.000 131.000 -64.000
-18.000 96.000 -10.000
-114.000 108.000 58.000
-30.000 73.000 19.000
-121.000 158.000 -55.000
-82.000 179.000 -63.000
-38.000 102.000 -41.000
3.000 85.000 1.000
-94.000 123.000 57.000
-103.000 150.000 24.000
-90.000 171.000 -70.000
-108.000 141.000 -50.000
-5.000 134.000 -66.000
-30.000 156.000 -67.000
-100.000 145.000 11.000
-51.000 129.000 -97.000
-71.000 112.000 -24.000
-133.000 113.000 63.000
-66.000 182.000 -109.000
-96.000 131.000 68.000
18.000 127.000 -53.000
-132.000 130.000 32.000
-145.000 173.000 -2.000
-94.000 105.000 33.000
-126.000 158.000 -7.000
-97.000 111.000 37.000
-79.000 149.000 -22.000
-94.000 105.000 59.000
-48.000 125.000 -14.000
-77.000 121.000 53.000
-80.000 118.000 -35.000
-31.000 134.000 -69.000
-65.000 147.000 2.000
-86.000 99.000 49.000
-76.000 134.000 -30.000
-14.000 81.000 -55.000
-119.000 155.000 30.000
-69.000 150.000 -68.000
-89.000 152.000 17.000
-102.000 179.000 -11.000
-75.000 104.000 11.000
-81.000 164.000 -74.000
-109.000 124.000 21.000
-18.000 160.000 -75.000
-56.000 136.000 -52.000
-91.000 188.000 -84.000
-110.000 122.000 37.000
-50.000 176.000 -70.000
6.000 97.000 4.000
21.000 89.000 -16.000
-106.000 147.000 13.000
-31.000 100.000 -29.000
-21.000 106.000 5.000
-10.000 69.000 1.000
-48.000 168.000 -42.000
-66.000 145.000 -93.000
6.000 111.000 -25.000
-57.000 107.000 -33.000
-85.000 101.000 67.000
-17.000 119.000 -83.000
-24.000 127.000 -45.000
-49.000 170.000 -114.000
-126.000 143.000 -23.000
-112.000 184.000 -21.000
-94.000 111.000 67.000
-4.000 98.000 -51.000
23.000 115.000 -40.000
-26.000 157.000 -99.000
-54.000 142.000 10.000
-66.000 138.000 -31.000
-37.000 117.000 -61.000
-17.000 86.000 -30.000
-93.000 160.000 -8.000
-27.000 83.000 2.000
-74.000 85.000 30.000
-107.000 143.000 10.000
-106.000 137.000 20.000
-17.000 133.000 -37.000
-93.000 170.000 -79.000
-128.000 119.000 50.000
20.000 121.000 -48.000
-16.000 160.000 -100.000
-14.000 104.000 -65.000
-59.000 132.000 10.000
7.000 125.000 -72.000
25.000 78.000 -55.000
-85.000 120.000 6.000
-75.000 114.000 47.000
-133.000 183.000 -10.000
-119.000 115.000 18.000
-66.000 98.000 51.000
-93.000 167.000 -44.000
-118.000 109.000 56.000
-127.000 149.000 -31.000
-26.000 153.000 -88.000
-95.000 139.000 14.000
-96.000 135.000 -4.000
20.000 77.000 -18.000
-49.000 99.000 -25.000
-17.000 69.000 -19.000
-30.000 130.000 -63.000
-11.000 78.000 -50.000
-103.000 139.000 24.000
29.000 86.000 -31.000
-113.000 105.000 70.000
-97.000 180.000 -79.000
-103.000 122.000 9.000
-28.000 171.000 -71.000
-122.000 120.000 61.000
-71.000 109.000 48.000
-94.000 149.000 -89.000
-123.000 119.000 51.000
-8.000 90.000 -53.000
-22.000 107.000 -54.000
-52.000 92.000 24.000
11.000 119.000 -49.000
-57.000 79.000 28.000
-46.000 146.000 -102.000
-94.000 126.000 -44.000
-72.000 122.000 -67.000
-50.000 164.000 -55.000
7.000 119.000 -70.000
-94.000 148.000 -83.000
-45.000 148.000 -86.000
-102.000 114.000 19.000
-74.000 135.000 -90.000
-61.000 171.000 -48.000
-52.000 147.000 -76.000
-25.000 154.000 -79.000
-103.000 126.000 58.000
6.000 91.000 -40.000
-122.000 171.000 -7.000
-87.000 95.000 30.000
-82.000 121.000 -49.000
-83.000 192.000 -91.000
-139.000 159.000 43.000
-122.000 142.000 -8.000
-111.000 165.000 12.000
-32.000 96.000 -12.000
-6.000 142.000 -40.000
-57.000 151.000 -54.000
-42.000 98.000 -13.000
-78.000 129.000 -15.000
-96.000 112.000 20.000
-110.000 144.000 -32.000
-46.000 156.000 -100.000
-101.000 97.000 62.000
17.000 88.000 -14.000
-58.000 153.000 -106.000
-13.000 85.000 -20.000
-31.000 173.000 -84.000
-130.000 139.000 67.000
-10.000 99.000 -58.000
-24.000 77.000 -36.000
-48.000 144.000 -26.000
-68.000 167.000 -40.000
-45.000 102.000 -19.000
8.000 133.000 -62.000
-37.000 118.000 -76.000
-35.000 84.000 18.000
-18.000 123.000 -7.000
-55.000 125.000 -75.000
-137.000 116.000 44.000
-30.000 112.000 -19.000
-55.000 156.000 -56.000
-68.000 105.000 3.000
-70.000 112.000 -15.000
15.000 92.000 -35.000
-145.000 136.000 4.000
-87.000 154.000 -79.000
-102.000 152.000 -6.000
-27.000 150.000 -73.000
-124.000 171.000 -8.000
2.000 142.000 -56.000
-103.000 140.000 -41.000
-114.000 150.000 57.000
-21.000 91.000 -48.000
-149.000 160.000 48.000
-26.000 149.000 -115.000
-68.000 130.000 -63.000
-80.000 103.000 67.000
-67.000 120.000 20.000
-124.000 145.000 42.000
-118.000 168.000 18.000
-109.000 188.000 -62.000
-26.000 118.000 -66.000
-38.000 117.000 -45.000
-29.000 149.000 -78.000
-83.000 169.000 -89.000
-18.000 141.000 -65.000
-122.000 188.000 -52.000
-90.000 137.000 47.000
-38.000 130.000 3.000
-20.000 98.000 -10.000
-25.000 167.000 -56.000
-140.000 127.000 24.000
-134.000 155.000 38.000
12.000 115.000 -48.000
-58.000 153.000 -72.000
-77.000 137.000 13.000
-101.000 190.000 -40.000
-41.000 84.000 12.000
-50.000 112.000 -30.000
-110.000 186.000 -76.000
-66.000 188.000 -112.000
9.000 87.000 3.000
-13.000 73.000 -1.000
-82.000 163.000 -106.000
-59.000 103.000 21.000
-99.000 175.000 -65.000
-13.000 165.000 -84.000
-61.000 122.000 -20.000
-14.000 150.000 -83.000
12.000 98.000 -54.000
-139.000 150.000 -15.000
-54.000 104.000 -26.000
-19.000 100.000 -39.000
-94.000 156.000 -15.000
-140.000 152.000 -3.000
0.000 146.000 -49.000
-54.000 123.000 -27.000
-120.000 159.000 -38.000
-151.000 154.000 13.000
-44.000 111.000 -70.000
-140.000 153.000 2.000
-46.000 117.000 -69.000
-51.000 79.000 18.000
-32.000 83.000 16.000
-94.000 105.000 30.000
-75.000 112.000 44.000
-37.000 105.000 -54.000
-140.000 139.000 -7.000
-12.000 91.000 16.000
-30.000 148.000 -75.000
-63.000 118.000 -14.000
-33.000 162.000 -77.000
10.000 104.000 -34.000
-122.000 129.000 76.000
-94.000 148.000 -58.000
-46.000 90.000 -22.000
-89.000 150.000 -25.000
-101.000 141.000 13.000
-57.000 144.000 -116.000
-97.000 193.000 -53.000
-46.000 112.000 10.000
-85.000 157.000 -32.000
-110.000 181.000 -36.000
-45.000 178.000 -66.000
