-15.000 167.000 -69.000
84.000 189.000 2.000
-3.000 195.000 49.000
-108.000 194.000 -64.000
-80.000 167.000 42.000
196.000 192.000 76.000
101.000 183.000 63.000
182.000 191.000 50.000
-14.000 190.000 -6.000
-38.000 153.000 -40.000
-62.000 137.000 -32.000
157.000 194.000 37.000
137.000 197.000 -1.000
-14.000 155.000 28.000
-146.000 145.000 -24.000
208.000 187.000 60.000
-104.000 134.000 -81.000
-50.000 149.000 17.000
-121.000 161.000 -121.000
13.000 148.000 24.000
-83.000 168.000 -33.000
46.000 187.000 77.000
-13.000 162.000 -33.000
175.000 182.000 82.000
-71.000 158.000 1.000
-78.000 207.000 -25.000
-75.000 174.000 38.000
-139.000 164.000 -29.000
151.000 175.000 29.000
-4.000 160.000 34.000
194.000 197.000 109.000
-5.000 187.000 68.000
-37.000 188.000 -42.000
-29.000 185.000 -79.000
-115.000 167.000 -99.000
-91.000 192.000 -42.000
127.000 182.000 59.000
-6.000 194.000 43.000
-17.000 167.000 -81.000
160.000 189.000 33.000
-48.000 184.000 -31.000
166.000 172.000 89.000
50.000 156.000 60.000
-198.000 194.000 -27.000
-168.000 185.000 11.000
20.000 153.000 50.000
99.000 182.000 19.000
-121.000 185.000 -5.000
-17.000 177.000 31.000
51.000 195.000 111.000
-38.000 149.000 -41.000
-183.000 153.000 -14.000
150.000 171.000 89.000
111.000 175.000 32.000
-131.000 151.000 -76.000
162.000 182.000 13.000
-48.000 140.000 -96.000
-144.000 189.000 -71.000
-127.000 146.000 3.000
-59.000 171.000 -14.000
-196.000 149.000 -3.000
3.000 198.000 -14.000
11.000 178.000 -31.000
187.000 207.000 54.000
82.000 167.000 -11.000
-185.000 169.000 -20.000
-96.000 156.000 -73.000
28.000 178.000 3.000
51.000 180.000 5.000
61.000 193.000 111.000
-213.000 166.000 -30.000
-46.000 176.000 56.000
45.000 145.000 -6.000
41.000 145.000 19.000
-48.000 206.000 26.000
-63.000 164.000 -18.000
194.000 181.000 14.000
57.000 177.000 58.000
-12.000 177.000 -73.000
52.000 197.000 55.000
-152.000 152.000 -89.000
196.000 168.000 26.000
40.000 188.000 114.000
38.000 192.000 69.000
41.000 173.000 81.000
35.000 166.000 -11.000
8.000 162.000 -77.000
-47.000 171.000 23.000
154.000 162.000 5.000
-157.000 197.000 -59.000
-126.000 164.000 21.000
66.000 172.000 -44.000
177.000 176.000 43.000
213.000 173.000 40.000
97.000 207.000 132.000
141.000 162.000 79.000
55.000 175.000 -24.000
7.000 145.000 -6.000
97.000 195.000 112.000
38.000 181.000 104.000
-187.000 176.000 19.000
-175.000 170.000 -6.000
-35.000 161.000 -62.000
-100.000 159.000 -13.000
81.000 173.000 -23.000
-68.000 195.000 -62.000
140.000 159.000 48.000
123.000 174.000 -21.000
-159.000 174.000 -20.000
-17.000 174.000 -62.000
117.000 178.000 4.000
-2.000 147.000 25.000
-27.000 162.000 -98.000
-139.000 196.000 -96.000
152.000 168.000 68.000
-78.000 160.000 -79.000
-131.000 168.000 -104.000
-4.000 193.000 44.000
-138.000 135.000 -87.000
-170.000 185.000 -9.000
33.000 159.000 26.000
-124.000 188.000 2.000
75.000 171.000 -41.000
-80.000 178.000 49.000
-83.000 182.000 -63.000
-117.000 177.000 44.000
181.000 155.000 33.000
-62.000 182.000 -46.000
89.000 161.000 -51.000
-105.000 202.000 -22.000
-129.000 133.000 -87.000
104.000 207.000 69.000
94.000 201.000 18.000
29.000 178.000 96.000
-153.000 179.000 -114.000
-34.000 189.000 27.000
124.000 188.000 131.000
70.000 163.000 -12.000
96.000 177.000 -12.000
160.000 179.000 -10.000
-18.000 158.000 61.000
-69.000 134.000 -96.000
-89.000 173.000 -39.000
-197.000 193.000 -37.000
-59.000 155.000 -24.000
-180.000 201.000 15.000
-158.000 152.000 -88.000
49.000 182.000 18.000
-46.000 196.000 14.000
164.000 205.000 119.000
-25.000 165.000 -7.000
6.000 188.000 -41.000
117.000 184.000 125.000
107.000 188.000 89.000
40.000 155.000 -5.000
7.000 152.000 6.000
7.000 192.000 21.000
-97.000 178.000 -46.000
-113.000 182.000 -53.000
161.000 184.000 69.000
19.000 181.000 23.000
-26.000 162.000 -66.000
11.000 142.000 -53.000
-128.000 189.000 28.000
119.000 202.000 92.000
-91.000 145.000 -60.000
124.000 202.000 50.000
-144.000 165.000 14.000
8.000 169.000 -67.000
77.000 195.000 14.000
-118.000 170.000 -121.000
14.000 189.000 34.000
-150.000 170.000 -61.000
75.000 169.000 50.000
-93.000 130.000 -113.000
61.000 184.000 -20.000
-125.000 191.000 -54.000
96.000 193.000 -12.000
-8.000 164.000 38.000
-85.000 143.000 -11.000
-93.000 180.000 -34.000
-165.000 190.000 8.000
-55.000 205.000 -43.000
-176.000 154.000 -16.000
183.000 179.000 32.000
155.000 206.000 61.000
-31.000 174.000 33.000
-89.000 185.000 7.000
69.000 155.000 -16.000
84.000 173.000 32.000
112.000 195.000 55.000
16.000 181.000 -66.000
75.000 160.000 61.000
130.000 158.000 48.000
27.000 172.000 -18.000
-199.000 175.000 0.000
-90.000 173.000 42.000
-72.000 161.000 9.000
-68.000 201.000 41.000
25.000 186.000 -14.000
66.000 154.000 45.000
57.000 164.000 -23.000
197.000 186.000 56.000
78.000 175.000 67.000
0.000 184.000 0.000
-104.000 153.000 -4.000
111.000 189.000 4.000
-173.000 192.000 -26.000
-87.000 185.000 -20.000
-35.000 157.000 4.000
86.000 188.000 57.000
-5.000 205.000 67.000
-84.000 171.000 -112.000
-22.000 170.000 39.000
-53.000 185.000 -25.000
38.000 157.000 8.000
142.000 196.000 -2.000
173.000 167.000 80.000
-198.000 185.000 -20.000
150.000 207.000 82.000
-11.000 163.000 -10.000
165.000 178.000 72.000
200.000 198.000 61.000
136.000 181.000 89.000
-29.000 179.000 6.000
-109.000 144.000 -8.000
-120.000 172.000 28.000
-80.000 160.000 -124.000
113.000 154.000 30.000
96.000 198.000 113.000
-177.000 146.000 -59.000
-38.000 155.000 17.000
-127.000 188.000 19.000
-67.000 155.000 -3.000
119.000 199.000 60.000
157.000 206.000 70.000
-6.000 135.000 -35.000
-151.000 160.000 -64.000
154.000 167.000 57.000
-51.000 152.000 -52.000
-149.000 135.000 -72.000
-10.000 171.000 37.000
-86.000 200.000 -1.000
183.000 160.000 55.000
-177.000 158.000 -16.000
103.000 164.000 59.000
-118.000 144.000 -22.000
-44.000 185.000 -32.000
-15.000 141.000 -72.000
11.000 179.000 -31.000
-50.000 186.000 -74.000
-76.000 175.000 -38.000
-59.000 154.000 -55.000
-153.000 160.000 6.000
-29.000 190.000 -75.000
-3.000 175.000 -41.000
-117.000 160.000 -81.000
31.000 201.000 94.000
71.000 164.000 93.000
3.000 134.000 -31.000
147.000 175.000 -2.000
59.000 187.000 -33.000
-68.000 164.000 -43.000
-132.000 138.000 -117.000
-23.000 168.000 -81.000
-119.000 163.000 -1.000
-6.000 176.000 -33.000
-78.000 203.000 -13.000
172.000 176.000 48.000
-66.000 148.000 -17.000
20.000 135.000 -29.000
38.000 144.000 -37.000
157.000 197.000 8.000
184.000 161.000 35.000
-105.000 170.000 -107.000
-171.000 182.000 -36.000
21.000 192.000 66.000
121.000 189.000 -12.000
-143.000 136.000 -73.000
65.000 166.000 59.000
198.000 202.000 76.000
57.000 189.000 -14.000
76.000 149.000 -7.000
-141.000 145.000 -54.000
27.000 163.000 29.000
-77.000 136.000 -60.000
-169.000 144.000 -41.000
-122.000 201.000 -78.000
90.000 144.000 -16.000
153.000 173.000 45.000
54.000 187.000 12.000
9.000 174.000 -43.000
-107.000 146.000 -108.000
156.000 192.000 105.000
-103.000 205.000 -22.000
-14.000 189.000 -9.000
-8.000 150.000 -71.000
-78.000 168.000 -63.000
86.000 202.000 13.000
108.000 147.000 29.000
-143.000 143.000 -120.000
84.000 160.000 28.000
79.000 165.000 101.000
94.000 154.000 68.000
47.000 200.000 15.000
-126.000 187.000 34.000
-20.000 157.000 -10.000
-154.000 149.000 -105.000
-26.000 135.000 -66.000
115.000 161.000 18.000
-89.000 153.000 -62.000
-175.000 182.000 -72.000
6.000 174.000 35.000
129.000 172.000 55.000
62.000 203.000 -7.000
77.000 160.000 -30.000
137.000 184.000 34.000
-34.000 172.000 -28.000
-37.000 131.000 -76.000
-19.000 146.000 -21.000
202.000 190.000 43.000
31.000 190.000 104.000
84.000 149.000 26.000
123.000 166.000 11.000
140.000 166.000 99.000
92.000 172.000 127.000
124.000 151.000 23.000
-30.000 136.000 -41.000
35.000 187.000 26.000
-51.000 157.000 0.000
73.000 205.000 87.000
-10.000 151.000 35.000
67.000 153.000 -8.000
43.000 201.000 41.000
18.000 153.000 -34.000
-167.000 190.000 -5.000
51.000 161.000 -40.000
194.000 193.000 30.000
-168.000 164.000 -107.000
-155.000 195.000 19.000
-131.000 196.000 -34.000
207.000 200.000 93.000
-71.000 161.000 -27.000
-70.000 197.000 -56.000
-140.000 195.000 43.000
-126.000 158.000 -89.000
-66.000 163.000 -63.000
160.000 168.000 65.000
-172.000 196.000 -61.000
-96.000 145.000 -68.000
-92.000 205.000 -23.000
-45.000 186.000 -40.000
-159.000 137.000 -73.000
1.000 194.000 23.000
99.000 151.000 -11.000
47.000 183.000 -15.000
-144.000 142.000 -116.000
-49.000 172.000 -44.000
-150.000 188.000 36.000
-81.000 146.000 -17.000
142.000 155.000 -10.000
-46.000 157.000 -24.000
-54.000 129.000 -77.000
155.000 191.000 117.000
208.000 206.000 92.000
-21.000 141.000 -92.000
90.000 192.000 -18.000
93.000 159.000 -35.000
178.000 197.000 93.000
-86.000 181.000 45.000
113.000 154.000 47.000
-64.000 138.000 -84.000
170.000 193.000 68.000
11.000 189.000 30.000
-169.000 181.000 0.000
-107.000 207.000 -22.000
126.000 168.000 39.000
-195.000 146.000 -19.000
-64.000 176.000 -44.000
198.000 185.000 77.000
54.000 204.000 4.000
58.000 163.000 -16.000
113.000 178.000 53.000
201.000 175.000 31.000
-65.000 147.000 -58.000
74.000 206.000 90.000
-185.000 141.000 -78.000
-195.000 150.000 -29.000
41.000 193.000 32.000
108.000 186.000 8.000
190.000 200.000 31.000
-30.000 151.000 -5.000
19.000 149.000 5.000
131.000 184.000 98.000
-174.000 154.000 8.000
-44.000 177.000 -97.000
-191.000 199.000 -15.000
-175.000 160.000 -68.000
24.000 202.000 83.000
-148.000 162.000 -104.000
-41.000 156.000 -20.000
-94.000 206.000 -22.000
-89.000 138.000 -70.000
16.000 196.000 74.000
62.000 179.000 114.000
-25.000 170.000 -47.000
163.000 148.000 21.000
-149.000 164.000 -72.000
74.000 155.000 -42.000
-85.000 150.000 -66.000
175.000 159.000 37.000
85.000 190.000 111.000
-140.000 197.000 -63.000
196.000 182.000 83.000
106.000 172.000 44.000
149.000 171.000 38.000
-24.000 171.000 46.000
-86.000 197.000 -24.000
-131.000 174.000 24.000
37.000 177.000 -55.000
-159.000 176.000 -98.000
115.000 187.000 81.000
80.000 181.000 10.000
-82.000 172.000 -9.000
-55.000 157.000 15.000
-135.000 145.000 -114.000
-135.000 158.000 -18.000
25.000 196.000 53.000
-201.000 156.000 -66.000
-66.000 158.000 -5.000
27.000 155.000 -68.000
-194.000 158.000 -33.000
-157.000 182.000 -60.000
-31.000 153.000 -66.000
-117.000 173.000 -116.000
-99.000 175.000 -100.000
-128.000 170.000 -88.000
-32.000 168.000 7.000
-100.000 161.000 -6.000
-163.000 177.000 -28.000
-68.000 206.000 -24.000
-113.000 163.000 -86.000
62.000 142.000 -30.000
-117.000 193.000 -53.000
169.000 170.000 62.000
11.000 199.000 12.000
-117.000 140.000 -75.000
-3.000 195.000 22.000
-170.000 171.000 14.000
-126.000 183.000 -78.000
-26.000 199.000 61.000
-10.000 171.000 15.000
-39.000 194.000 47.000
-189.000 177.000 -15.000
-40.000 207.000 14.000
48.000 161.000 -31.000
-210.000 175.000 -21.000
104.000 168.000 96.000
55.000 158.000 -39.000
1.000 169.000 -41.000
-99.000 187.000 -44.000
124.000 194.000 61.000
-39.000 166.000 -41.000
-71.000 180.000 28.000
-39.000 134.000 -83.000
116.000 149.000 53.000
-135.000 179.000 10.000
-146.000 207.000 -46.000
86.000 193.000 129.000
58.000 199.000 51.000
12.000 170.000 68.000
-111.000 148.000 -82.000
-71.000 184.000 -88.000
-162.000 164.000 -101.000
-57.000 170.000 42.000
-31.000 157.000 -18.000
48.000 170.000 19.000
-194.000 183.000 14.000
84.000 167.000 5.000
-17.000 179.000 50.000
-24.000 199.000 -15.000
-39.000 167.000 -18.000
-120.000 181.000 46.000
5.000 207.000 -1.000
-131.000 185.000 -53.000
-32.000 161.000 -1.000
70.000 164.000 40.000
-196.000 167.000 -64.000
-110.000 205.000 10.000
-53.000 164.000 -65.000
-119.000 190.000 -42.000
76.000 167.000 81.000
-148.000 151.000 -105.000
92.000 166.000 79.000
91.000 172.000 122.000
-114.000 156.000 -25.000
-193.000 177.000 -13.000
-69.000 191.000 -15.000
-195.000 189.000 -52.000
-48.000 181.000 -11.000
16.000 140.000 -8.000
-98.000 143.000 -13.000
-208.000 163.000 -8.000
110.000 170.000 -27.000
-53.000 174.000 10.000
135.000 157.000 -1.000
-198.000 158.000 -56.000
-103.000 167.000 -17.000
122.000 195.000 86.000
-103.000 168.000 -77.000
-62.000 198.000 30.000
115.000 164.000 65.000
-60.000 198.000 25.000
109.000 201.000 23.000
174.000 204.000 122.000
100.000 196.000 91.000
31.000 154.000 23.000
91.000 199.000 44.000
-114.000 207.000 17.000
-120.000 151.000 -53.000
187.000 200.000 104.000
75.000 180.000 54.000
98.000 187.000 128.000
170.000 203.000 116.000
-11.000 204.000 51.000
37.000 185.000 75.000
93.000 187.000 28.000
-199.000 159.000 -34.000
-105.000 169.000 -26.000
214.000 197.000 54.000
149.000 192.000 123.000
-145.000 172.000 25.000
43.000 174.000 -41.000
209.000 189.000 93.000
-109.000 189.000 4.000
135.000 179.000 31.000
161.000 171.000 71.000
43.000 182.000 20.000
35.000 169.000 -33.000
103.000 147.000 -31.000
-80.000 132.000 -89.000
-30.000 185.000 64.000
81.000 188.000 -11.000
191.000 201.000 115.000
-101.000 177.000 29.000
-158.000 176.000 -20.000
-29.000 163.000 62.000
-52.000 162.000 -23.000
-10.000 192.000 -64.000
-101.000 197.000 -81.000
-113.000 181.000 -45.000
89.000 163.000 -2.000
44.000 154.000 48.000
-166.000 187.000 -5.000
-24.000 158.000 18.000
-161.000 158.000 17.000
53.000 164.000 80.000
147.000 187.000 37.000
-95.000 170.000 -4.000
-73.000 155.000 22.000
-86.000 183.000 -81.000
0.000 199.000 52.000
-59.000 142.000 -1.000
-142.000 157.000 25.000
-158.000 187.000 -55.000
-7.000 170.000 27.000
-146.000 174.000 -78.000
150.000 163.000 -5.000
-7.000 171.000 51.000
-82.000 167.000 -7.000
109.000 158.000 -38.000
200.000 177.000 53.000
-163.000 171.000 -31.000
-10.000 196.000 10.000
22.000 144.000 6.000
6.000 144.000 -6.000
84.000 199.000 58.000
197.000 170.000 84.000
-3.000 178.000 2.000
161.000 164.000 9.000
-75.000 151.000 -114.000
-99.000 193.000 10.000
-147.000 190.000 -50.000
-3.000 207.000 60.000
-128.000 153.000 -29.000
72.000 168.000 -37.000
200.000 200.000 88.000
82.000 207.000 82.000
-167.000 207.000 -7.000
-158.000 201.000 -14.000
14.000 168.000 6.000
148.000 160.000 20.000
50.000 173.000 64.000
-98.000 131.000 -107.000
-39.000 152.000 -44.000
-210.000 154.000 -43.000
-25.000 166.000 -9.000
92.000 157.000 86.000
-116.000 201.000 -84.000
197.000 206.000 79.000
-175.000 157.000 -80.000
-103.000 168.000 49.000
-128.000 168.000 -46.000
77.000 202.000 107.000
-157.000 155.000 -78.000
122.000 182.000 78.000
12.000 188.000 38.000
70.000 202.000 24.000
-145.000 134.000 -94.000
54.000 171.000 -29.000
-79.000 154.000 -122.000
-123.000 137.000 -88.000
-74.000 153.000 -87.000
-149.000 152.000 -44.000
-100.000 148.000 -95.000
47.000 167.000 53.000
-17.000 169.000 1.000
-86.000 166.000 -53.000
90.000 196.000 36.000
-84.000 177.000 -67.000
-104.000 193.000 -19.000
-112.000 135.000 -96.000
106.000 194.000 54.000
92.000 149.000 -31.000
-109.000 187.000 43.000
-171.000 159.000 -13.000
-47.000 205.000 17.000
-1.000 175.000 -13.000
-113.000 145.000 -50.000
128.000 160.000 -19.000
-67.000 172.000 -43.000
-109.000 156.000 -112.000
-122.000 167.000 -2.000
-14.000 184.000 -47.000
150.000 189.000 127.000
66.000 165.000 68.000
39.000 154.000 65.000
92.000 146.000 -35.000
-97.000 189.000 -83.000
-82.000 168.000 -38.000
-160.000 148.000 -100.000
-126.000 187.000 45.000
170.000 169.000 40.000
-110.000 192.000 -26.000
11.000 160.000 -51.000
112.000 198.000 109.000
14.000 198.000 71.000
0.000 142.000 -69.000
118.000 158.000 81.000
-56.000 196.000 -45.000
-8.000 165.000 41.000
-45.000 157.000 -54.000
39.000 174.000 51.000
130.000 163.000 3.000
-63.000 204.000 0.000
148.000 182.000 118.000
35.000 172.000 11.000
16.000 201.000 69.000
-118.000 204.000 -49.000
-97.000 206.000 4.000
-11.000 141.000 -79.000
-104.000 200.000 -58.000
-4.000 194.000 49.000
60.000 200.000 96.000
106.000 186.000 118.000
-4.000 201.000 -44.000
22.000 187.000 88.000
89.000 170.000 0.000
180.000 174.000 91.000
-48.000 188.000 2.000
54.000 204.000 95.000
204.000 196.000 75.000
-153.000 145.000 -20.000
-158.000 163.000 -109.000
-107.000 163.000 -60.000
143.000 195.000 88.000
154.000 177.000 3.000
182.000 168.000 26.000
-164.000 178.000 -14.000
118.000 176.000 -22.000
120.000 202.000 16.000
-143.000 156.000 -106.000
-26.000 181.000 29.000
42.000 178.000 31.000
190.000 197.000 97.000
83.000 183.000 101.000
211.000 177.000 46.000
-78.000 195.000 -74.000
14.000 180.000 -25.000
-11.000 201.000 9.000
-42.000 133.000 -50.000
-32.000 180.000 -2.000
-150.000 163.000 -100.000
12.000 178.000 60.000
178.000 182.000 91.000
1.000 143.000 17.000
89.000 170.000 7.000
18.000 184.000 -3.000
113.000 147.000 41.000
-61.000 142.000 -23.000
-149.000 160.000 26.000
-55.000 183.000 -39.000
-82.000 162.000 -23.000
163.000 206.000 115.000
28.000 182.000 50.000
-25.000 200.000 -32.000
-34.000 191.000 -30.000
96.000 149.000 37.000
-19.000 173.000 -65.000
-133.000 157.000 -92.000
160.000 192.000 117.000
107.000 206.000 91.000
21.000 178.000 93.000
-47.000 195.000 -20.000
-75.000 147.000 -59.000
38.000 146.000 -36.000
-2.000 174.000 -83.000
70.000 194.000 67.000
74.000 157.000 49.000
5.000 179.000 -73.000
-27.000 166.000 33.000
-118.000 191.000 -100.000
46.000 173.000 -29.000
-8.000 164.000 -38.000
105.000 191.000 82.000
-5.000 145.000 -71.000
26.000 173.000 -57.000
7.000 199.000 9.000
-202.000 188.000 -11.000
43.000 161.000 -38.000
-165.000 157.000 -6.000
-25.000 178.000 -90.000
-32.000 153.000 -55.000
186.000 176.000 14.000
-199.000 190.000 -11.000
-39.000 200.000 -39.000
91.000 181.000 75.000
173.000 185.000 67.000
174.000 166.000 82.000
-110.000 167.000 -94.000
-50.000 187.000 -61.000
-164.000 154.000 12.000
-117.000 190.000 15.000
-169.000 200.000 -35.000
113.000 165.000 33.000
-193.000 156.000 0.000
-147.000 193.000 34.000
-27.000 176.000 -11.000
178.000 191.000 27.000
45.000 150.000 6.000
-70.000 195.000 41.000
194.000 171.000 60.000
88.000 180.000 -39.000
36.000 174.000 -7.000
-165.000 180.000 -95.000
114.000 182.000 99.000
42.000 181.000 30.000
11.000 200.000 45.000
112.000 197.000 56.000
-127.000 182.000 10.000
-64.000 175.000 -37.000
134.000 188.000 25.000
49.000 158.000 79.000
48.000 204.000 29.000
70.000 166.000 -10.000
-85.000 135.000 -82.000
55.000 190.000 110.000
83.000 206.000 30.000
186.000 205.000 98.000
167.000 182.000 23.000
-38.000 157.000 -75.000
-118.000 161.000 -113.000
36.000 177.000 -60.000
-22.000 198.000 17.000
161.000 171.000 17.000
-179.000 170.000 8.000
-13.000 171.000 -40.000
-58.000 182.000 -69.000
70.000 149.000 -17.000
-28.000 175.000 -73.000
-23.000 144.000 -87.000
-18.000 139.000 -69.000
-189.000 150.000 -40.000
-8.000 152.000 -54.000
-101.000 158.000 -104.000
21.000 164.000 -47.000
-43.000 149.000 -66.000
-69.000 207.000 2.000
27.000 165.000 72.000
120.000 197.000 58.000
-89.000 172.000 -116.000
116.000 184.000 88.000
106.000 163.000 -43.000
-66.000 158.000 -8.000
-136.000 201.000 41.000
85.000 198.000 124.000
110.000 188.000 86.000
94.000 163.000 59.000
-60.000 192.000 53.000
-80.000 175.000 7.000
-59.000 166.000 -98.000
193.000 191.000 27.000
-82.000 162.000 -30.000
-190.000 149.000 -30.000
157.000 174.000 51.000
-93.000 151.000 16.000
-181.000 167.000 -53.000
-31.000 168.000 3.000
200.000 178.000 82.000
-109.000 169.000 -94.000
51.000 147.000 -57.000
-124.000 205.000 -54.000
75.000 181.000 -40.000
8.000 179.000 -58.000
147.000 174.000 79.000
19.000 158.000 32.000
-77.000 191.000 -82.000
-142.000 175.000 -69.000
186.000 200.000 118.000
-175.000 207.000 -11.000
-147.000 161.000 -42.000
-65.000 159.000 -12.000
-157.000 146.000 -46.000
-114.000 200.000 -59.000
8.000 196.000 62.000
74.000 201.000 39.000
-174.000 164.000 -72.000
136.000 166.000 -6.000
-124.000 157.000 -113.000
81.000 147.000 -42.000
-52.000 149.000 -56.000
-181.000 152.000 7.000
-12.000 146.000 -45.000
-174.000 155.000 8.000
-174.000 148.000 -27.000
48.000 202.000 -4.000
-109.000 171.000 -64.000
-86.000 190.000 -23.000
63.000 190.000 34.000
166.000 197.000 25.000
128.000 184.000 29.000
107.000 197.000 -2.000
-108.000 140.000 -35.000
127.000 195.000 66.000
79.000 186.000 63.000
105.000 193.000 11.000
-80.000 156.000 -47.000
-98.000 201.000 8.000
67.000 154.000 59.000
-94.000 176.000 -15.000
145.000 168.000 -22.000
153.000 204.000 82.000
-126.000 202.000 -50.000
91.000 149.000 63.000
166.000 171.000 98.000
-47.000 186.000 -36.000
-147.000 199.000 -14.000
62.000 193.000 103.000
-43.000 146.000 -87.000
33.000 176.000 17.000
-155.000 188.000 -26.000
114.000 186.000 20.000
-203.000 150.000 -21.000
-118.000 184.000 -41.000
-151.000 189.000 -56.000
28.000 191.000 -24.000
-110.000 165.000 14.000
95.000 166.000 105.000
-13.000 191.000 24.000
-73.000 146.000 1.000
-167.000 175.000 -100.000
91.000 152.000 21.000
-83.000 177.000 -37.000
-69.000 204.000 -46.000
-56.000 173.000 -22.000
18.000 199.000 87.000
-144.000 148.000 -77.000
-35.000 159.000 -30.000
-13.000 166.000 25.000
-85.000 171.000 11.000
-33.000 201.000 -59.000
83.000 168.000 73.000
-90.000 175.000 -5.000
-84.000 197.000 18.000
-115.000 190.000 51.000
46.000 188.000 -45.000
109.000 175.000 -36.000
39.000 159.000 34.000
66.000 146.000 41.000
157.000 188.000 28.000
72.000 194.000 45.000
27.000 142.000 -7.000
90.000 193.000 110.000
-7.000 150.000 -3.000
45.000 193.000 -30.000
115.000 149.000 55.000
-159.000 154.000 5.000
-122.000 168.000 -28.000
-142.000 161.000 -19.000
144.000 200.000 29.000
-47.000 181.000 -24.000
-97.000 195.000 -16.000
-45.000 161.000 16.000
-75.000 188.000 -73.000
19.000 196.000 66.000
-26.000 152.000 -89.000
-57.000 185.000 -13.000
86.000 152.000 -1.000
84.000 166.000 0.000
81.000 195.000 134.000
-88.000 174.000 18.000
24.000 156.000 -4.000
76.000 162.000 75.000
46.000 156.000 -8.000
84.000 162.000 -19.000
-9.000 181.000 12.000
-137.000 173.000 -26.000
155.000 163.000 -18.000
49.000 158.000 92.000
32.000 161.000 0.000
-16.000 202.000 10.000
2.000 202.000 -18.000
-62.000 134.000 -88.000
-155.000 202.000 19.000
27.000 162.000 -14.000
-101.000 161.000 23.000
211.000 189.000 58.000
-60.000 194.000 51.000
-76.000 168.000 -10.000
148.000 196.000 131.000
-209.000 172.000 -10.000
-166.000 196.000 7.000
-137.000 180.000 -27.000
102.000 154.000 84.000
112.000 181.000 -18.000
-141.000 165.000 -7.000
-47.000 133.000 -102.000
-81.000 162.000 33.000
-78.000 163.000 -106.000
-135.000 192.000 13.000
-20.000 201.000 -8.000
-129.000 185.000 -89.000
-50.000 163.000 7.000
7.000 134.000 -34.000
99.000 180.000 -18.000
-171.000 185.000 -35.000
174.000 186.000 19.000
7.000 192.000 89.000
55.000 164.000 47.000
-138.000 161.000 -50.000
-107.000 150.000 -85.000
127.000 207.000 108.000
130.000 191.000 -11.000
111.000 173.000 13.000
150.000 183.000 114.000
-34.000 163.000 -70.000
-158.000 178.000 14.000
26.000 199.000 14.000
-13.000 153.000 -26.000
-106.000 201.000 -41.000
214.000 204.000 57.000
147.000 179.000 36.000
117.000 171.000 1.000
22.000 183.000 -50.000
-179.000 196.000 -14.000
-152.000 191.000 -47.000
24.000 166.000 -33.000
-73.000 135.000 -94.000
135.000 190.000 95.000
-34.000 165.000 -90.000
-69.000 172.000 -102.000
-14.000 205.000 -10.000
159.000 187.000 64.000
187.000 203.000 57.000
44.000 184.000 22.000
-9.000 168.000 0.000
-27.000 135.000 -96.000
10.000 200.000 60.000
97.000 200.000 36.000
69.000 149.000 -5.000
-209.000 178.000 -11.000
46.000 169.000 -11.000
77.000 176.000 86.000
-83.000 171.000 -59.000
107.000 205.000 43.000
-64.000 147.000 2.000
-29.000 201.000 -7.000
83.000 179.000 28.000
-36.000 173.000 33.000
-120.000 184.000 -107.000
-11.000 169.000 -67.000
-155.000 201.000 -58.000
-153.000 143.000 -95.000
-170.000 149.000 -32.000
-150.000 162.000 -93.000
78.000 198.000 0.000
84.000 156.000 -43.000
79.000 181.000 106.000
-174.000 162.000 -96.000
-62.000 191.000 25.000
41.000 151.000 -30.000
-100.000 204.000 -64.000
-142.000 163.000 -3.000
204.000 175.000 47.000
-175.000 165.000 -65.000
-6.000 177.000 74.000
-74.000 144.000 -87.000
112.000 155.000 76.000
26.000 186.000 81.000
-44.000 146.000 -98.000
51.000 198.000 70.000
156.000 185.000 51.000
35.000 162.000 -32.000
132.000 157.000 20.000
-40.000 166.000 -66.000
19.000 204.000 33.000
-60.000 191.000 -5.000
-72.000 199.000 44.000
9.000 204.000 2.000
-9.000 200.000 -44.000
-108.000 176.000 39.000
18.000 165.000 67.000
104.000 171.000 101.000
-83.000 161.000 -59.000
-102.000 161.000 -3.000
133.000 196.000 112.000
17.000 171.000 84.000
166.000 170.000 -2.000
10.000 173.000 69.000
157.000 158.000 -6.000
-65.000 148.000 -2.000
132.000 159.000 44.000
-199.000 179.000 -38.000
4.000 160.000 57.000
116.000 192.000 -12.000
56.000 198.000 -3.000
136.000 202.000 86.000
-153.000 151.000 -44.000
161.000 191.000 124.000
-79.000 207.000 14.000
12.000 163.000 -5.000
-124.000 175.000 20.000
-48.000 148.000 -8.000
33.000 189.000 -38.000
-75.000 148.000 -114.000
-61.000 157.000 -106.000
-112.000 175.000 -112.000
-154.000 182.000 -38.000
-164.000 175.000 -55.000
-110.000 161.000 23.000
51.000 173.000 52.000
65.000 176.000 59.000
-59.000 137.000 -81.000
192.000 195.000 52.000
67.000 150.000 -38.000
187.000 202.000 90.000
82.000 142.000 8.000
120.000 188.000 27.000
-84.000 174.000 53.000
-22.000 164.000 -20.000
49.000 170.000 29.000
151.000 198.000 34.000
-32.000 175.000 57.000
23.000 147.000 -61.000
-122.000 203.000 -19.000
-11.000 138.000 -63.000
-78.000 190.000 11.000
34.000 155.000 -45.000
-9.000 161.000 -47.000
-68.000 150.000 -105.000
-123.000 166.000 -95.000
-27.000 153.000 -41.000
-34.000 201.000 -24.000
-73.000 162.000 -3.000
104.000 169.000 113.000
-46.000 196.000 -16.000
61.000 170.000 109.000
18.000 190.000 7.000
-93.000 180.000 -90.000
-144.000 136.000 -66.000
70.000 167.000 83.000
-131.000 181.000 2.000
186.000 185.000 107.000
114.000 161.000 5.000
-28.000 177.000 54.000
77.000 195.000 5.000
-37.000 202.000 20.000
-153.000 191.000 -69.000
-153.000 141.000 -58.000
-175.000 201.000 -38.000
150.000 178.000 8.000
14.000 157.000 53.000
-82.000 136.000 -79.000
125.000 174.000 -18.000
176.000 178.000 59.000
-76.000 163.000 -114.000
-79.000 164.000 3.000
-82.000 178.000 -84.000
-82.000 131.000 -94.000
96.000 206.000 137.000
-80.000 164.000 -101.000
-114.000 156.000 -71.000
144.000 161.000 19.000
-32.000 145.000 -75.000
-6.000 191.000 -4.000
-66.000 158.000 21.000
-66.000 160.000 -118.000
-114.000 163.000 40.000
148.000 156.000 18.000
30.000 168.000 -47.000
3.000 198.000 75.000
49.000 176.000 -38.000
19.000 169.000 -64.000
103.000 168.000 65.000
-27.000 195.000 -42.000
131.000 165.000 79.000
49.000 194.000 23.000
126.000 180.000 41.000
112.000 187.000 69.000
-129.000 196.000 -59.000
-133.000 176.000 -24.000
-27.000 191.000 7.000
41.000 164.000 -16.000
-16.000 159.000 13.000
60.000 168.000 95.000
134.000 172.000 -18.000
56.000 182.000 -44.000
170.000 165.000 68.000
-116.000 142.000 -20.000
-132.000 193.000 35.000
119.000 154.000 -15.000
117.000 144.000 16.000
-97.000 199.000 -18.000
157.000 173.000 28.000
180.000 182.000 81.000
142.000 186.000 34.000
-22.000 173.000 -31.000
0.000 157.000 12.000
109.000 173.000 99.000
-6.000 184.000 54.000
-111.000 166.000 -67.000
-156.000 145.000 -46.000
133.000 195.000 -1.000
-104.000 147.000 -112.000
165.000 189.000 124.000
34.000 180.000 -7.000
-189.000 161.000 -40.000
-29.000 184.000 -82.000
139.000 190.000 33.000
-75.000 188.000 -28.000
48.000 173.000 104.000
58.000 182.000 -42.000
-109.000 181.000 17.000
-143.000 187.000 -96.000
-64.000 203.000 -13.000
-43.000 164.000 -28.000
18.000 186.000 -5.000
113.000 204.000 123.000
132.000 171.000 110.000
-163.000 192.000 -71.000
-76.000 207.000 -37.000
9.000 150.000 1.000
-115.000 192.000 -63.000
159.000 190.000 87.000
131.000 176.000 108.000
-11.000 173.000 51.000
-143.000 180.000 34.000
-101.000 154.000 -47.000
-96.000 133.000 -70.000
-66.000 144.000 -3.000
42.000 156.000 -30.000
5.000 191.000 60.000
112.000 164.000 63.000
-5.000 180.000 27.000
-149.000 141.000 -52.000
-18.000 168.000 50.000
172.000 207.000 65.000
-30.000 135.000 -86.000
-12.000 178.000 -77.000
79.000 177.000 52.000
120.000 155.000 62.000
116.000 154.000 49.000
-128.000 176.000 24.000
9.000 168.000 -27.000
-188.000 181.000 -31.000
20.000 172.000 16.000
-25.000 184.000 14.000
-23.000 158.000 -29.000
-156.000 146.000 -60.000
-48.000 153.000 -91.000
127.000 150.000 2.000
6.000 156.000 68.000
-130.000 154.000 -59.000
209.000 176.000 81.000
22.000 190.000 -40.000
117.000 185.000 105.000
-126.000 180.000 7.000
77.000 197.000 -7.000
66.000 191.000 9.000
97.000 153.000 62.000
-153.000 172.000 -82.000
-119.000 157.000 -87.000
183.000 186.000 32.000
33.000 162.000 -18.000
28.000 173.000 -54.000
-18.000 169.000 20.000
-200.000 192.000 -17.000
-25.000 207.000 -9.000
-122.000 147.000 -32.000
-61.000 154.000 -97.000
72.000 203.000 30.000
98.000 155.000 -30.000
35.000 191.000 87.000
-38.000 198.000 -5.000
88.000 201.000 71.000
7.000 140.000 -68.000
135.000 180.000 69.000
-58.000 174.000 -58.000
-142.000 174.000 41.000
0.000 184.000 60.000
-57.000 182.000 5.000
-37.000 193.000 -3.000
-157.000 147.000 -119.000
-78.000 171.000 -45.000
76.000 193.000 -9.000
-68.000 161.000 -85.000
-89.000 144.000 -8.000
64.000 152.000 8.000
-96.000 180.000 38.000
45.000 203.000 17.000
-90.000 177.000 -32.000
44.000 162.000 -15.000
-143.000 152.000 -53.000
85.000 158.000 96.000
-17.000 185.000 -19.000
80.000 181.000 26.000
103.000 160.000 -22.000
-21.000 192.000 -42.000
99.000 195.000 58.000
-77.000 184.000 -58.000
15.000 144.000 -28.000
-128.000 207.000 -25.000
150.000 171.000 -13.000
-188.000 180.000 -25.000
201.000 177.000 25.000
-133.000 148.000 -104.000
-137.000 171.000 -87.000
47.000 202.000 85.000
-22.000 181.000 10.000
-72.000 145.000 -80.000
-37.000 180.000 53.000
-84.000 205.000 32.000
4.000 201.000 -30.000
-90.000 179.000 -31.000
-93.000 151.000 13.000
-157.000 135.000 -87.000
-35.000 163.000 -37.000
-144.000 137.000 -79.000
78.000 180.000 17.000
-77.000 197.000 -5.000
61.000 153.000 -53.000
159.000 166.000 45.000
-124.000 172.000 -63.000
88.000 196.000 102.000
-42.000 172.000 -20.000
147.000 164.000 57.000
-83.000 183.000 51.000
-41.000 139.000 -53.000
-106.000 150.000 8.000
43.000 191.000 33.000
145.000 186.000 57.000
-73.000 203.000 -68.000
-173.000 166.000 20.000
-46.000 160.000 44.000
-151.000 192.000 -97.000
180.000 187.000 26.000
-88.000 186.000 19.000
-8.000 186.000 -42.000
-175.000 158.000 -59.000
-77.000 194.000 5.000
-35.000 167.000 -14.000
167.000 205.000 121.000
89.000 197.000 55.000
55.000 194.000 101.000
-14.000 172.000 -31.000
89.000 164.000 45.000
130.000 190.000 9.000
127.000 190.000 11.000
8.000 165.000 -51.000
-111.000 186.000 -50.000
-129.000 182.000 -118.000
-68.000 144.000 -30.000
122.000 177.000 68.000
-130.000 147.000 -69.000
-39.000 168.000 -51.000
-117.000 147.000 2.000
114.000 168.000 72.000
-71.000 160.000 -65.000
17.000 184.000 60.000
-76.000 134.000 -48.000
-24.000 142.000 -2.000
29.000 140.000 -41.000
62.000 188.000 -4.000
-124.000 198.000 14.000
158.000 173.000 85.000
143.000 186.000 23.000
124.000 201.000 48.000
-53.000 147.000 -59.000
180.000 196.000 105.000
87.000 165.000 -32.000
-165.000 156.000 -68.000
-66.000 177.000 -57.000
-87.000 176.000 -54.000
-82.000 169.000 44.000
62.000 157.000 -1.000
45.000 167.000 -44.000
-160.000 155.000 -19.000
42.000 173.000 58.000
82.000 202.000 46.000
56.000 192.000 33.000
-180.000 154.000 -50.000
185.000 190.000 54.000
73.000 160.000 18.000
30.000 147.000 39.000
118.000 169.000 112.000
17.000 198.000 46.000
-58.000 141.000 -108.000
-159.000 183.000 -99.000
-2.000 167.000 9.000
-35.000 190.000 57.000
-27.000 175.000 68.000
150.000 172.000 91.000
-143.000 185.000 -87.000
87.000 152.000 -40.000
-88.000 169.000 28.000
-17.000 184.000 81.000
-176.000 138.000 -74.000
25.000 161.000 -47.000
-200.000 169.000 -63.000
-42.000 156.000 -21.000
23.000 197.000 44.000
43.000 155.000 -14.000
65.000 198.000 116.000
31.000 176.000 55.000
-111.000 143.000 -32.000
-42.000 180.000 -90.000
-143.000 160.000 -64.000
88.000 164.000 -29.000
44.000 167.000 -41.000
19.000 171.000 57.000
-38.000 185.000 -82.000
39.000 198.000 51.000
-53.000 200.000 14.000
-167.000 182.000 -7.000
70.000 180.000 8.000
-194.000 166.000 -64.000
96.000 160.000 43.000
89.000 170.000 3.000
3.000 166.000 38.000
-58.000 160.000 -82.000
-101.000 180.000 -67.000
-32.000 160.000 19.000
-27.000 180.000 22.000
-119.000 201.000 -64.000
-122.000 166.000 -67.000
85.000 190.000 135.000
-147.000 201.000 -27.000
-15.000 188.000 43.000
-11.000 168.000 20.000
-22.000 201.000 12.000
-175.000 198.000 -7.000
-151.000 195.000 0.000
144.000 203.000 108.000
8.000 185.000 85.000
12.000 206.000 24.000
131.000 165.000 -23.000
-2.000 187.000 31.000
21.000 199.000 0.000
-15.000 170.000 20.000
177.000 190.000 63.000
-174.000 151.000 1.000
-142.000 171.000 -80.000
74.000 183.000 103.000
-146.000 173.000 -123.000
-108.000 180.000 -9.000
-187.000 168.000 15.000
-71.000 191.000 -82.000
94.000 155.000 29.000
-14.000 189.000 -29.000
-9.000 191.000 53.000
-201.000 166.000 -50.000
83.000 144.000 14.000
185.000 186.000 95.000
67.000 176.000 3.000
85.000 177.000 -26.000
-143.000 190.000 21.000
-100.000 169.000 -16.000
-52.000 203.000 -33.000
-50.000 197.000 10.000
-52.000 154.000 32.000
-23.000 157.000 31.000
62.000 157.000 41.000
-109.000 193.000 -85.000
181.000 182.000 59.000
112.000 185.000 9.000
-51.000 186.000 4.000
101.000 206.000 128.000
-9.000 177.000 12.000
-16.000 148.000 24.000
-116.000 187.000 -41.000
146.000 175.000 117.000
110.000 169.000 40.000
202.000 196.000 81.000
-52.000 191.000 40.000
-83.000 204.000 23.000
-11.000 199.000 24.000
125.000 167.000 14.000
114.000 190.000 85.000
-1.000 147.000 -6.000
-51.000 166.000 -92.000
-154.000 178.000 12.000
110.000 167.000 -13.000
199.000 176.000 37.000
159.000 166.000 23.000
-182.000 171.000 -69.000
154.000 185.000 -5.000
-51.000 186.000 -65.000
143.000 177.000 -22.000
46.000 153.000 -50.000
-29.000 201.000 -20.000
-99.000 193.000 -71.000
87.000 182.000 -10.000
155.000 183.000 123.000
22.000 142.000 -9.000
-104.000 145.000 -56.000
-45.000 181.000 63.000
142.000 184.000 68.000
-106.000 184.000 -26.000
-90.000 160.000 -28.000
-78.000 191.000 -1.000
-114.000 162.000 -5.000
-95.000 169.000 -29.000
10.000 144.000 15.000
-139.000 169.000 -54.000
114.000 178.000 108.000
-145.000 162.000 -94.000
-57.000 205.000 8.000
-133.000 191.000 -70.000
-108.000 179.000 11.000
-185.000 174.000 -68.000
21.000 197.000 46.000
109.000 147.000 -26.000
79.000 174.000 -4.000
76.000 175.000 -10.000
109.000 177.000 113.000
-105.000 140.000 -116.000
-154.000 187.000 -4.000
113.000 181.000 67.000
-76.000 182.000 -65.000
84.000 164.000 41.000
23.000 198.000 3.000
-68.000 182.000 -26.000
-132.000 151.000 -72.000
-11.000 207.000 29.000
177.000 185.000 118.000
81.000 170.000 -46.000
68.000 178.000 59.000
-6.000 166.000 -58.000
-127.000 191.000 0.000
177.000 171.000 70.000
-104.000 173.000 -29.000
-85.000 138.000 -44.000
131.000 190.000 0.000
-154.000 141.000 -80.000
150.000 191.000 128.000
59.000 166.000 20.000
170.000 156.000 17.000
34.000 169.000 -66.000
171.000 176.000 107.000
84.000 198.000 55.000
179.000 177.000 52.000
-85.000 189.000 -4.000
101.000 165.000 51.000
-99.000 192.000 -3.000
17.000 163.000 77.000
106.000 184.000 26.000
-176.000 161.000 -7.000
18.000 149.000 43.000
194.000 167.000 31.000
-49.000 150.000 -44.000
44.000 160.000 83.000
110.000 149.000 10.000
-65.000 161.000 3.000
70.000 158.000 38.000
22.000 195.000 -8.000
-29.000 166.000 -37.000
-70.000 176.000 15.000
-80.000 153.000 -82.000
39.000 152.000 24.000
145.000 159.000 80.000
15.000 172.000 50.000
-36.000 202.000 -43.000
82.000 183.000 69.000
-124.000 162.000 -34.000
34.000 206.000 -5.000
13.000 176.000 69.000
171.000 199.000 64.000
150.000 157.000 7.000
-136.000 192.000 -75.000
168.000 176.000 51.000
-181.000 171.000 -77.000
85.000 201.000 115.000
-90.000 161.000 -45.000
17.000 200.000 22.000
55.000 168.000 -30.000
164.000 165.000 -9.000
-130.000 142.000 -101.000
-81.000 168.000 -15.000
-109.000 180.000 30.000
-45.000 170.000 -77.000
-100.000 154.000 27.000
-111.000 203.000 -57.000
170.000 196.000 63.000
164.000 168.000 63.000
35.000 170.000 -57.000
-155.000 159.000 -96.000
173.000 204.000 50.000
-75.000 163.000 16.000
50.000 156.000 38.000
-172.000 205.000 -18.000
-39.000 189.000 -6.000
-151.000 160.000 -111.000
0.000 159.000 27.000
-9.000 146.000 -70.000
-39.000 191.000 -64.000
-8.000 151.000 -37.000
188.000 170.000 82.000
37.000 192.000 -7.000
-197.000 158.000 -31.000
84.000 174.000 68.000
71.000 184.000 -33.000
-126.000 170.000 -26.000
-43.000 188.000 -84.000
-94.000 200.000 23.000
48.000 177.000 31.000
25.000 190.000 -39.000
86.000 204.000 69.000
-138.000 195.000 -17.000
109.000 164.000 100.000
0.000 159.000 -85.000
-150.000 176.000 8.000
52.000 175.000 -44.000
-87.000 165.000 -8.000
111.000 203.000 102.000
-89.000 177.000 -26.000
-122.000 189.000 6.000
-124.000 142.000 -26.000
74.000 152.000 27.000
-96.000 155.000 -109.000
-56.000 191.000 -36.000
-26.000 171.000 44.000
-45.000 198.000 35.000
62.000 181.000 7.000
-118.000 176.000 35.000
129.000 177.000 46.000
19.000 159.000 13.000
188.000 164.000 79.000
-60.000 176.000 44.000
112.000 145.000 37.000
93.000 178.000 100.000
-39.000 172.000 -42.000
-30.000 144.000 -58.000
153.000 174.000 37.000
-60.000 203.000 34.000
67.000 165.000 108.000
73.000 162.000 76.000
-87.000 200.000 35.000
193.000 197.000 57.000
23.000 158.000 5.000
-177.000 186.000 -11.000
-108.000 197.000 -16.000
24.000 178.000 -17.000
-77.000 207.000 16.000
-3.000 154.000 34.000
-49.000 139.000 -107.000
-130.000 203.000 35.000
216.000 178.000 46.000
156.000 177.000 57.000
11.000 181.000 -57.000
-101.000 160.000 -64.000
-115.000 149.000 -47.000
-169.000 180.000 -37.000
-60.000 200.000 46.000
106.000 156.000 57.000
55.000 171.000 61.000
-118.000 203.000 -54.000
52.000 191.000 -18.000
57.000 155.000 83.000
-114.000 207.000 -10.000
-96.000 149.000 -93.000
135.000 181.000 28.000
-13.000 188.000 -10.000
-20.000 197.000 -37.000
-64.000 159.000 -56.000
-143.000 148.000 -62.000
60.000 161.000 -3.000
71.000 166.000 -27.000
-45.000 165.000 11.000
-31.000 162.000 42.000
68.000 162.000 68.000
-20.000 161.000 26.000
-116.000 195.000 4.000
95.000 189.000 -11.000
-150.000 143.000 -62.000
98.000 183.000 106.000
-149.000 172.000 17.000
161.000 202.000 115.000
-92.000 199.000 -66.000
110.000 159.000 82.000
-51.000 198.000 29.000
65.000 190.000 83.000
-114.000 197.000 -78.000
-153.000 172.000 10.000
-92.000 186.000 27.000
88.000 205.000 95.000
213.000 186.000 46.000
-88.000 156.000 -94.000
114.000 170.000 -32.000
97.000 186.000 -26.000
-25.000 159.000 -102.000
56.000 156.000 27.000
-62.000 169.000 43.000
-51.000 176.000 39.000
104.000 158.000 -13.000
-65.000 179.000 -85.000
44.000 188.000 26.000
-28.000 161.000 63.000
199.000 196.000 44.000
-150.000 161.000 -33.000
155.000 182.000 35.000
109.000 158.000 -7.000
85.000 169.000 121.000
119.000 185.000 35.000
72.000 183.000 -26.000
-135.000 206.000 1.000
-42.000 150.000 -34.000
1.000 181.000 -8.000
23.000 183.000 55.000
-31.000 180.000 -61.000
143.000 151.000 48.000
130.000 162.000 24.000
-86.000 149.000 -4.000
-96.000 159.000 -26.000
-66.000 148.000 -44.000
120.000 206.000 16.000
-18.000 198.000 54.000
23.000 191.000 28.000
-119.000 198.000 45.000
-77.000 136.000 -70.000
42.000 199.000 2.000
-123.000 153.000 3.000
-18.000 176.000 -46.000
-197.000 184.000 -24.000
104.000 174.000 34.000
-23.000 185.000 73.000
125.000 153.000 10.000
-93.000 159.000 -27.000
-113.000 182.000 0.000
-105.000 153.000 -92.000
-147.000 202.000 21.000
-129.000 160.000 9.000
-16.000 139.000 -83.000
-31.000 166.000 -48.000
36.000 186.000 23.000
-117.000 146.000 5.000
-152.000 139.000 -57.000
39.000 169.000 -26.000
-121.000 146.000 -129.000
103.000 155.000 -16.000
13.000 172.000 -16.000
-37.000 188.000 -1.000
125.000 168.000 9.000
-146.000 175.000 -24.000
43.000 151.000 -45.000
-105.000 204.000 9.000
102.000 168.000 -31.000
-49.000 152.000 -38.000
87.000 186.000 131.000
75.000 176.000 -44.000
134.000 187.000 132.000
-144.000 176.000 38.000
59.000 180.000 86.000
-105.000 181.000 -3.000
-118.000 196.000 -50.000
-79.000 176.000 -39.000
-147.000 165.000 -54.000
-139.000 166.000 -3.000
87.000 202.000 116.000
-98.000 178.000 3.000
101.000 169.000 12.000
-71.000 205.000 -40.000
-32.000 171.000 43.000
191.000 189.000 18.000
66.000 186.000 46.000
70.000 169.000 57.000
-138.000 156.000 -89.000
-76.000 171.000 -87.000
-207.000 190.000 -19.000
-114.000 177.000 -57.000
-187.000 150.000 -47.000
89.000 187.000 57.000
-109.000 152.000 -119.000
129.000 161.000 0.000
127.000 175.000 16.000
87.000 180.000 -36.000
-102.000 160.000 -6.000
-124.000 139.000 -68.000
-27.000 140.000 -64.000
-89.000 179.000 -36.000
107.000 169.000 34.000
58.000 171.000 -54.000
-180.000 181.000 -32.000
-39.000 149.000 6.000
136.000 198.000 77.000
100.000 168.000 72.000
-21.000 172.000 22.000
101.000 162.000 57.000
-132.000 147.000 -4.000
-92.000 153.000 -99.000
124.000 184.000 -16.000
65.000 170.000 101.000
188.000 180.000 26.000
12.000 195.000 -38.000
32.000 164.000 -53.000
-41.000 163.000 17.000
-157.000 163.000 -106.000
-115.000 189.000 20.000
101.000 178.000 -8.000
91.000 166.000 70.000
-52.000 146.000 -4.000
135.000 160.000 10.000
-127.000 167.000 -91.000
-32.000 154.000 -75.000
81.000 190.000 -22.000
-69.000 155.000 -102.000
-155.000 146.000 -82.000
142.000 157.000 54.000
-74.000 191.000 -70.000
27.000 161.000 10.000
70.000 151.000 9.000
65.000 157.000 -3.000
93.000 182.000 7.000
40.000 147.000 49.000
97.000 183.000 93.000
-112.000 164.000 -46.000
202.000 195.000 71.000
115.000 174.000 4.000
-108.000 195.000 -83.000
-54.000 192.000 11.000
-162.000 148.000 -118.000
42.000 163.000 -43.000
-70.000 142.000 -105.000
-118.000 196.000 -12.000
-104.000 163.000 -83.000
-131.000 196.000 -55.000
1.000 191.000 18.000
147.000 167.000 74.000
90.000 184.000 72.000
-158.000 186.000 -61.000
-136.000 158.000 -76.000
-112.000 138.000 -70.000
-172.000 146.000 -88.000
-189.000 185.000 -37.000
52.000 202.000 80.000
138.000 182.000 -21.000
-146.000 198.000 40.000
-13.000 194.000 16.000
57.000 158.000 57.000
-128.000 181.000 6.000
-185.000 197.000 -51.000
89.000 162.000 -44.000
131.000 147.000 38.000
-155.000 147.000 -92.000
160.000 171.000 -11.000
120.000 164.000 59.000
-143.000 152.000 -18.000
96.000 168.000 83.000
144.000 154.000 46.000
61.000 145.000 -23.000
47.000 170.000 83.000
166.000 162.000 66.000
-22.000 201.000 61.000
55.000 193.000 88.000
103.000 166.000 67.000
-113.000 195.000 -19.000
-30.000 171.000 -88.000
177.000 159.000 41.000
-156.000 180.000 -66.000
16.000 177.000 97.000
20.000 195.000 -26.000
34.000 168.000 13.000
191.000 202.000 102.000
37.000 156.000 -3.000
67.000 148.000 -13.000
-69.000 177.000 -52.000
-30.000 185.000 -76.000
-19.000 147.000 -79.000
28.000 176.000 25.000
-129.000 162.000 -52.000
133.000 192.000 108.000
-81.000 183.000 51.000
-187.000 187.000 -2.000
-97.000 191.000 1.000
-115.000 164.000 -45.000
-7.000 173.000 65.000
129.000 159.000 15.000
154.000 190.000 41.000
-45.000 149.000 -110.000
125.000 186.000 77.000
152.000 180.000 31.000
185.000 186.000 30.000
86.000 162.000 -46.000
-107.000 199.000 -75.000
132.000 177.000 110.000
216.000 201.000 88.000
-184.000 174.000 -43.000
122.000 187.000 -19.000
143.000 206.000 59.000
-13.000 169.000 25.000
98.000 158.000 -15.000
-37.000 148.000 -32.000
-152.000 156.000 -65.000
-111.000 177.000 -32.000
193.000 181.000 105.000
-156.000 190.000 -84.000
40.000 161.000 -17.000
52.000 171.000 -3.000
-157.000 185.000 -11.000
98.000 199.000 74.000
-192.000 181.000 19.000
-84.000 191.000 -28.000
132.000 164.000 46.000
-10.000 176.000 74.000
27.000 179.000 12.000
142.000 176.000 9.000
-107.000 161.000 -61.000
-99.000 182.000 -76.000
163.000 175.000 29.000
-119.000 143.000 -27.000
-34.000 159.000 55.000
91.000 198.000 58.000
150.000 201.000 51.000
-144.000 185.000 -91.000
-137.000 131.000 -102.000
3.000 177.000 -24.000
164.000 206.000 49.000
14.000 174.000 -74.000
-138.000 157.000 -126.000
-162.000 176.000 -76.000
-68.000 187.000 -97.000
-27.000 163.000 -84.000
92.000 179.000 65.000
-93.000 204.000 22.000
18.000 153.000 57.000
-69.000 194.000 25.000
-86.000 182.000 13.000
-13.000 173.000 -55.000
119.000 179.000 87.000
-113.000 142.000 -87.000
-107.000 157.000 8.000
21.000 144.000 -50.000
-108.000 176.000 -19.000
-27.000 196.000 -65.000
160.000 161.000 9.000
-127.000 179.000 -11.000
67.000 162.000 -47.000
-191.000 153.000 -18.000
38.000 169.000 -16.000
-6.000 169.000 10.000
16.000 182.000 -21.000
94.000 187.000 137.000
-86.000 141.000 -55.000
139.000 203.000 19.000
-44.000 188.000 8.000
-65.000 181.000 30.000
-179.000 148.000 -94.000
105.000 177.000 83.000
-166.000 160.000 -105.000
-41.000 203.000 -6.000
115.000 179.000 109.000
-52.000 147.000 -80.000
160.000 206.000 102.000
-87.000 176.000 -31.000
131.000 198.000 92.000
-209.000 157.000 -21.000
168.000 195.000 82.000
-145.000 189.000 -109.000
167.000 163.000 4.000
73.000 195.000 -5.000
20.000 163.000 3.000
-42.000 149.000 18.000
171.000 175.000 102.000
-52.000 169.000 3.000
-156.000 157.000 -122.000
-156.000 200.000 -24.000
71.000 142.000 -30.000
-175.000 164.000 -66.000
25.000 153.000 44.000
175.000 178.000 54.000
30.000 171.000 81.000
-38.000 172.000 20.000
45.000 175.000 104.000
-50.000 166.000 -112.000
-93.000 171.000 -121.000
110.000 193.000 74.000
-69.000 134.000 -92.000
-91.000 193.000 -56.000
-183.000 180.000 19.000
-86.000 192.000 15.000
166.000 171.000 35.000
83.000 179.000 99.000
82.000 166.000 86.000
135.000 170.000 -27.000
77.000 168.000 63.000
43.000 145.000 36.000
120.000 159.000 78.000
-92.000 179.000 -95.000
23.000 166.000 93.000
217.000 189.000 44.000
170.000 184.000 95.000
-79.000 166.000 11.000
-194.000 189.000 -15.000
208.000 193.000 101.000
-172.000 172.000 -56.000
106.000 199.000 59.000
53.000 164.000 98.000
136.000 193.000 1.000
-170.000 150.000 -9.000
84.000 152.000 69.000
95.000 156.000 -34.000
-135.000 139.000 -84.000
-99.000 161.000 -110.000
75.000 188.000 -1.000
-145.000 197.000 1.000
38.000 168.000 -47.000
160.000 166.000 64.000
-107.000 163.000 -38.000
-139.000 169.000 -55.000
-79.000 173.000 19.000
166.000 193.000 9.000
-115.000 149.000 13.000
-122.000 164.000 -7.000
124.000 198.000 88.000
4.000 176.000 -29.000
213.000 183.000 74.000
-143.000 167.000 39.000
138.000 152.000 0.000
19.000 205.000 75.000
187.000 195.000 99.000
-118.000 187.000 2.000
-21.000 187.000 -9.000
94.000 149.000 14.000
63.000 162.000 -13.000
-114.000 165.000 -30.000
-117.000 162.000 -6.000
9.000 170.000 -64.000
69.000 172.000 80.000
70.000 156.000 12.000
-98.000 150.000 -76.000
-150.000 165.000 -78.000
122.000 198.000 133.000
130.000 157.000 45.000
9.000 167.000 -19.000
-27.000 182.000 -83.000
173.000 196.000 117.000
8.000 153.000 29.000
104.000 145.000 -5.000
134.000 207.000 37.000
108.000 170.000 -36.000
83.000 144.000 35.000
-36.000 137.000 -44.000
-83.000 151.000 -18.000
-130.000 130.000 -101.000
-103.000 154.000 14.000
-122.000 148.000 -40.000
-157.000 144.000 -76.000
-96.000 196.000 5.000
165.000 183.000 78.000
-59.000 154.000 -116.000
190.000 205.000 75.000
-135.000 181.000 27.000
2.000 200.000 -21.000
-56.000 198.000 38.000
86.000 155.000 58.000
-88.000 141.000 -37.000
36.000 142.000 -53.000
7.000 163.000 82.000
-52.000 142.000 -98.000
-163.000 164.000 -110.000
158.000 155.000 39.000
71.000 193.000 106.000
135.000 206.000 98.000
-98.000 138.000 -60.000
1.000 170.000 -22.000
76.000 143.000 11.000
-130.000 147.000 -120.000
27.000 153.000 57.000
121.000 207.000 117.000
174.000 163.000 81.000
171.000 156.000 31.000
126.000 160.000 10.000
-105.000 138.000 -35.000
-143.000 182.000 -64.000
-173.000 190.000 -35.000
-131.000 189.000 -65.000
71.000 188.000 -35.000
91.000 200.000 105.000
-154.000 151.000 -33.000
193.000 190.000 38.000
-122.000 202.000 -24.000
-97.000 152.000 -94.000
-70.000 172.000 -67.000
146.000 147.000 11.000
-11.000 175.000 -68.000
-76.000 175.000 21.000
89.000 184.000 135.000
137.000 170.000 38.000
23.000 140.000 0.000
-27.000 147.000 -32.000
-15.000 187.000 57.000
-15.000 176.000 37.000
101.000 191.000 97.000
-153.000 155.000 -90.000
103.000 164.000 -10.000
-185.000 149.000 -63.000
-123.000 172.000 -45.000
-191.000 160.000 7.000
36.000 187.000 40.000
-45.000 153.000 5.000
-116.000 148.000 -86.000
-190.000 152.000 -55.000
-95.000 192.000 -4.000
35.000 196.000 85.000
-69.000 206.000 -10.000
203.000 186.000 48.000
24.000 142.000 -16.000
154.000 170.000 40.000
14.000 177.000 98.000
-139.000 150.000 -125.000
-74.000 179.000 -33.000
118.000 179.000 70.000
-17.000 189.000 -60.000
68.000 195.000 -12.000
85.000 156.000 51.000
123.000 189.000 136.000
198.000 207.000 96.000
-110.000 143.000 -86.000
-104.000 202.000 31.000
-69.000 180.000 -102.000
-138.000 161.000 -113.000
-157.000 166.000 -39.000
-17.000 197.000 47.000
0.000 204.000 4.000
108.000 207.000 18.000
-139.000 139.000 -121.000
-180.000 180.000 -43.000
-92.000 161.000 -29.000
-145.000 149.000 -28.000
-139.000 164.000 32.000
55.000 166.000 84.000
-150.000 170.000 -82.000
-34.000 180.000 -91.000
-58.000 172.000 -58.000
-111.000 191.000 -94.000
-10.000 184.000 14.000
-175.000 195.000 -36.000
101.000 202.000 29.000
-108.000 172.000 -95.000
25.000 177.000 -56.000
151.000 164.000 61.000
-20.000 150.000 -33.000
-116.000 199.000 -20.000
52.000 189.000 44.000
200.000 190.000 96.000
-16.000 137.000 -52.000
-71.000 151.000 -69.000
-145.000 188.000 -104.000
-123.000 183.000 -72.000
104.000 183.000 94.000
-47.000 158.000 -69.000
-194.000 155.000 -2.000
22.000 198.000 30.000
-56.000 150.000 -88.000
-149.000 159.000 -63.000
159.000 165.000 32.000
30.000 176.000 -29.000
98.000 170.000 -30.000
171.000 197.000 39.000
127.000 187.000 -2.000
86.000 166.000 -38.000
-107.000 129.000 -88.000
60.000 205.000 9.000
-26.000 150.000 -71.000
-115.000 139.000 -85.000
214.000 205.000 65.000
52.000 177.000 117.000
27.000 202.000 -3.000
-39.000 204.000 23.000
-77.000 192.000 35.000
10.000 169.000 -50.000
-64.000 151.000 -43.000
80.000 178.000 -30.000
121.000 172.000 49.000
11.000 190.000 -29.000
-67.000 137.000 -113.000
-118.000 140.000 -43.000
210.000 178.000 74.000
-163.000 140.000 -74.000
-38.000 199.000 58.000
134.000 206.000 49.000
-2.000 142.000 -26.000
97.000 196.000 42.000
-115.000 188.000 -25.000
111.000 194.000 5.000
-119.000 188.000 -56.000
10.000 161.000 5.000
198.000 186.000 21.000
-43.000 151.000 -33.000
7.000 198.000 -8.000
181.000 173.000 78.000
-84.000 149.000 -5.000
-198.000 167.000 -27.000
-154.000 198.000 -39.000
-29.000 179.000 11.000
-31.000 182.000 25.000
171.000 179.000 67.000
37.000 180.000 101.000
-174.000 155.000 -95.000
46.000 158.000 -46.000
7.000 186.000 92.000
159.000 170.000 89.000
39.000 149.000 -41.000
-158.000 165.000 -104.000
-80.000 149.000 -73.000
-87.000 172.000 -26.000
10.000 158.000 -72.000
-31.000 153.000 -84.000
42.000 182.000 111.000
-172.000 153.000 0.000
-61.000 201.000 -50.000
-99.000 182.000 -66.000
133.000 151.000 -10.000
95.000 200.000 30.000
137.000 192.000 25.000
-160.000 135.000 -89.000
-5.000 164.000 -5.000
-73.000 170.000 -69.000
46.000 192.000 -5.000
-183.000 177.000 13.000
106.000 202.000 80.000
-66.000 186.000 3.000
201.000 173.000 40.000
-44.000 161.000 -30.000
6.000 170.000 -34.000
70.000 192.000 107.000
10.000 179.000 42.000
-16.000 179.000 80.000
-2.000 156.000 -81.000
99.000 179.000 61.000
198.000 170.000 46.000
-38.000 190.000 -8.000
-128.000 135.000 -97.000
219.000 183.000 51.000
-68.000 151.000 -101.000
99.000 160.000 80.000
130.000 167.000 7.000
89.000 178.000 61.000
-107.000 156.000 -3.000
152.000 186.000 -6.000
134.000 171.000 -26.000
-56.000 137.000 -42.000
-30.000 196.000 -35.000
172.000 159.000 8.000
-42.000 200.000 -63.000
-80.000 176.000 7.000
-77.000 150.000 -106.000
-56.000 188.000 -48.000
207.000 178.000 86.000
-108.000 176.000 8.000
218.000 192.000 78.000
-27.000 187.000 -39.000
145.000 185.000 104.000
-10.000 166.000 50.000
63.000 150.000 67.000
5.000 148.000 -4.000
154.000 199.000 69.000
-153.000 163.000 -107.000
53.000 147.000 -50.000
-111.000 190.000 -17.000
52.000 169.000 10.000
98.000 160.000 15.000
-53.000 146.000 -99.000
28.000 159.000 2.000
-44.000 189.000 -80.000
55.000 185.000 -8.000
-103.000 173.000 -100.000
111.000 147.000 21.000
113.000 195.000 16.000
175.000 177.000 23.000
207.000 202.000 68.000
-35.000 186.000 14.000
-3.000 196.000 61.000
-30.000 178.000 71.000
-140.000 156.000 -67.000
149.000 189.000 26.000
-197.000 172.000 -37.000
42.000 165.000 60.000
-52.000 163.000 -87.000
-91.000 195.000 -6.000
-56.000 169.000 -22.000
159.000 198.000 53.000
58.000 200.000 93.000
-85.000 164.000 -119.000
-109.000 156.000 -60.000
1.000 192.000 19.000
155.000 195.000 113.000
-10.000 177.000 40.000
-160.000 166.000 -79.000
-93.000 179.000 32.000
66.000 204.000 72.000
-83.000 176.000 -19.000
163.000 171.000 -11.000
90.000 179.000 -12.000
-80.000 140.000 -78.000
-48.000 180.000 37.000
73.000 200.000 6.000
168.000 197.000 38.000
200.000 191.000 58.000
7.000 203.000 -30.000
-198.000 158.000 -7.000
-138.000 154.000 -96.000
4.000 139.000 -2.000
-77.000 143.000 -24.000
-47.000 188.000 14.000
-96.000 155.000 -84.000
104.000 201.000 78.000
-50.000 139.000 -84.000
125.000 156.000 -24.000
146.000 179.000 16.000
131.000 207.000 98.000
-7.000 167.000 68.000
213.000 199.000 76.000
-23.000 145.000 -67.000
-87.000 162.000 17.000
25.000 141.000 8.000
-151.000 189.000 -105.000
218.000 193.000 64.000
-120.000 133.000 -115.000
134.000 166.000 64.000
-44.000 145.000 -97.000
184.000 188.000 115.000
10.000 155.000 -83.000
22.000 177.000 78.000
155.000 177.000 44.000
-150.000 180.000 8.000
104.000 159.000 88.000
-91.000 166.000 14.000
-82.000 188.000 -14.000
80.000 165.000 94.000
100.000 151.000 9.000
138.000 207.000 45.000
-32.000 153.000 33.000
133.000 194.000 41.000
-14.000 142.000 -9.000
172.000 191.000 95.000
-141.000 180.000 -25.000
-170.000 155.000 7.000
-14.000 145.000 -5.000
-21.000 154.000 -58.000
-9.000 182.000 71.000
-57.000 174.000 -21.000
-96.000 180.000 -73.000
-47.000 180.000 65.000
44.000 138.000 -16.000
-115.000 196.000 -56.000
-22.000 159.000 26.000
-199.000 155.000 -71.000
-114.000 198.000 -42.000
-7.000 148.000 5.000
10.000 173.000 -24.000
186.000 190.000 60.000
196.000 171.000 87.000
-74.000 158.000 -3.000
183.000 192.000 75.000
186.000 185.000 63.000
-136.000 173.000 14.000
-103.000 168.000 -58.000
190.000 159.000 32.000
-88.000 198.000 25.000
-52.000 172.000 -70.000
-40.000 169.000 -15.000
-117.000 148.000 -53.000
-71.000 176.000 -63.000
-136.000 190.000 -12.000
137.000 185.000 -2.000
-60.000 182.000 -33.000
-64.000 180.000 2.000
-111.000 173.000 -14.000
-84.000 137.000 -111.000
-61.000 160.000 -27.000
33.000 161.000 -24.000
175.000 179.000 77.000
-78.000 150.000 -89.000
-197.000 148.000 -34.000
127.000 162.000 5.000
-111.000 152.000 22.000
-158.000 186.000 20.000
-164.000 149.000 -113.000
59.000 156.000 42.000
-98.000 166.000 -100.000
175.000 156.000 39.000
132.000 185.000 73.000
37.000 198.000 90.000
-151.000 151.000 8.000
-48.000 186.000 -3.000
-183.000 169.000 -5.000
-43.000 173.000 0.000
-174.000 205.000 -13.000
99.000 161.000 87.000
75.000 205.000 61.000
-29.000 157.000 -43.000
-178.000 175.000 -22.000
183.000 178.000 89.000
-30.000 156.000 -65.000
216.000 195.000 49.000
-87.000 158.000 -49.000
-136.000 157.000 24.000
55.000 186.000 -40.000
-54.000 131.000 -87.000
87.000 173.000 68.000
55.000 167.000 7.000
37.000 150.000 52.000
107.000 173.000 23.000
-213.000 162.000 -24.000
-113.000 191.000 1.000
-146.000 171.000 -92.000
-185.000 175.000 -31.000
72.000 196.000 111.000
51.000 187.000 -42.000
-80.000 191.000 -10.000
-107.000 162.000 36.000
45.000 184.000 19.000
118.000 191.000 48.000
-181.000 199.000 -38.000
-148.000 179.000 -45.000
45.000 206.000 24.000
59.000 203.000 49.000
154.000 179.000 52.000
-187.000 174.000 -7.000
-120.000 167.000 -9.000
131.000 161.000 79.000
198.000 178.000 74.000
-65.000 152.000 -17.000
-169.000 184.000 -6.000
134.000 183.000 -10.000
207.000 178.000 71.000
182.000 199.000 65.000
19.000 188.000 -9.000
-177.000 184.000 -6.000
-49.000 187.000 -52.000
-44.000 162.000 -102.000
-182.000 158.000 -43.000
-33.000 158.000 -92.000
50.000 176.000 17.000
-44.000 195.000 -11.000
170.000 206.000 127.000
172.000 165.000 32.000
19.000 165.000 77.000
7.000 184.000 89.000
12.000 164.000 -17.000
-61.000 175.000 -76.000
-61.000 161.000 -16.000
217.000 175.000 48.000
190.000 184.000 106.000
9.000 181.000 -31.000
-96.000 201.000 19.000
-65.000 157.000 -43.000
-168.000 199.000 30.000
-140.000 160.000 -49.000
146.000 194.000 89.000
16.000 169.000 -75.000
-55.000 170.000 -57.000
-80.000 147.000 -24.000
-118.000 192.000 48.000
-91.000 175.000 -40.000
74.000 202.000 60.000
133.000 149.000 13.000
-108.000 187.000 -69.000
-35.000 202.000 43.000
-163.000 196.000 -67.000
127.000 159.000 1.000
-180.000 173.000 -71.000
-190.000 166.000 2.000
94.000 191.000 65.000
-104.000 163.000 -111.000
-55.000 157.000 6.000
-4.000 191.000 -13.000
-53.000 157.000 27.000
167.000 171.000 55.000
124.000 206.000 76.000
-80.000 185.000 28.000
-25.000 162.000 23.000
5.000 202.000 69.000
-33.000 180.000 -2.000
-95.000 171.000 -55.000
149.000 160.000 -18.000
45.000 165.000 -60.000
-146.000 187.000 29.000
-136.000 166.000 -89.000
39.000 146.000 -14.000
110.000 194.000 14.000
-21.000 173.000 -51.000
-91.000 138.000 -62.000
-134.000 145.000 -54.000
-132.000 158.000 -128.000
82.000 168.000 5.000
18.000 202.000 -29.000
105.000 161.000 -12.000
-24.000 156.000 -8.000
162.000 195.000 40.000
30.000 196.000 -5.000
119.000 159.000 61.000
-58.000 199.000 -36.000
31.000 152.000 -40.000
-80.000 147.000 -40.000
-94.000 146.000 -41.000
-65.000 200.000 45.000
-13.000 156.000 -27.000
20.000 155.000 -8.000
187.000 183.000 76.000
-102.000 138.000 -110.000
-98.000 204.000 -33.000
87.000 184.000 82.000
-89.000 125.000 -99.000
-62.000 168.000 -50.000
53.000 191.000 6.000
108.000 204.000 43.000
105.000 191.000 87.000
36.000 184.000 -36.000
-25.000 167.000 21.000
208.000 196.000 43.000
-141.000 201.000 -14.000
105.000 163.000 -29.000
-96.000 194.000 -7.000
76.000 193.000 85.000
-142.000 171.000 43.000
23.000 162.000 57.000
88.000 198.000 18.000
93.000 184.000 21.000
37.000 154.000 50.000
-205.000 171.000 -53.000
9.000 181.000 -47.000
24.000 139.000 -29.000
-41.000 169.000 -52.000
-187.000 161.000 -5.000
-152.000 202.000 6.000
115.000 162.000 51.000
103.000 195.000 13.000
-5.000 189.000 75.000
-25.000 151.000 -21.000
-52.000 173.000 -19.000
16.000 173.000 -26.000
-115.000 198.000 -8.000
70.000 184.000 41.000
17.000 176.000 42.000
-18.000 173.000 -21.000
47.000 165.000 -61.000
-185.000 177.000 3.000
111.000 190.000 138.000
-135.000 158.000 -21.000
122.000 158.000 -19.000
-122.000 192.000 -34.000
39.000 171.000 -14.000
-99.000 180.000 9.000
8.000 191.000 53.000
142.000 182.000 14.000
-148.000 146.000 -34.000
189.000 203.000 43.000
116.000 191.000 51.000
92.000 186.000 137.000
-24.000 146.000 -34.000
20.000 160.000 38.000
100.000 189.000 13.000
124.000 163.000 -22.000
-145.000 180.000 -111.000
-29.000 173.000 42.000
169.000 199.000 86.000
-188.000 150.000 -9.000
-111.000 178.000 -39.000
80.000 158.000 -3.000
107.000 180.000 -1.000
52.000 160.000 -55.000
127.000 185.000 133.000
-55.000 153.000 -51.000
162.000 171.000 -7.000
-145.000 146.000 -17.000
-28.000 168.000 -60.000
-111.000 153.000 -65.000
-74.000 169.000 -69.000
-3.000 185.000 -5.000
-157.000 154.000 -90.000
152.000 165.000 49.000
131.000 195.000 72.000
-160.000 169.000 -7.000
-175.000 150.000 -4.000
-202.000 155.000 -66.000
-99.000 182.000 -72.000
-67.000 174.000 5.000
60.000 199.000 82.000
-77.000 178.000 4.000
-125.000 193.000 -76.000
-180.000 144.000 -75.000
93.000 163.000 13.000
192.000 192.000 113.000
96.000 189.000 136.000
77.000 157.000 24.000
-54.000 180.000 -71.000
-68.000 157.000 -97.000
115.000 194.000 61.000
-141.000 171.000 -63.000
-118.000 153.000 -36.000
-52.000 176.000 -72.000
-58.000 172.000 1.000
-131.000 183.000 40.000
-193.000 174.000 -7.000
44.000 201.000 92.000
60.000 174.000 -52.000
-31.000 165.000 -72.000
-32.000 180.000 56.000
-99.000 173.000 -78.000
9.000 194.000 47.000
-159.000 153.000 -67.000
-94.000 201.000 40.000
94.000 168.000 78.000
175.000 183.000 26.000
32.000 165.000 71.000
-113.000 159.000 -25.000
120.000 180.000 121.000
-95.000 183.000 -7.000
-113.000 164.000 40.000
90.000 172.000 65.000
216.000 182.000 57.000
-97.000 187.000 37.000
-19.000 177.000 31.000
-70.000 160.000 -117.000
11.000 169.000 57.000
-92.000 161.000 -52.000
-63.000 146.000 -49.000
-165.000 180.000 -5.000
36.000 157.000 46.000
100.000 175.000 16.000
154.000 186.000 65.000
78.000 172.000 101.000
48.000 186.000 76.000
-140.000 155.000 15.000
26.000 193.000 3.000
-57.000 199.000 47.000
-121.000 170.000 -101.000
-104.000 147.000 -20.000
106.000 178.000 105.000
-134.000 205.000 9.000
17.000 174.000 64.000
94.000 207.000 132.000
44.000 185.000 4.000
170.000 153.000 48.000
-139.000 191.000 -19.000
-162.000 203.000 17.000
33.000 187.000 5.000
60.000 177.000 94.000
102.000 198.000 123.000
168.000 198.000 33.000
-101.000 145.000 -69.000
15.000 177.000 -37.000
115.000 157.000 82.000
17.000 153.000 -7.000
-145.000 138.000 -120.000
-156.000 164.000 -65.000
-76.000 165.000 -12.000
119.000 155.000 -12.000
-52.000 186.000 -32.000
-124.000 145.000 -86.000
-167.000 151.000 -107.000
-146.000 158.000 5.000
212.000 206.000 83.000
-125.000 169.000 -1.000
-135.000 192.000 11.000
-175.000 192.000 -34.000
46.000 197.000 3.000
169.000 191.000 62.000
70.000 189.000 108.000
120.000 174.000 -8.000
-41.000 152.000 -105.000
-39.000 197.000 11.000
138.000 153.000 48.000
-27.000 138.000 -69.000
-12.000 193.000 39.000
-60.000 188.000 -20.000
-5.000 200.000 57.000
-4.000 159.000 51.000
-106.000 207.000 -8.000
-2.000 181.000 25.000
158.000 183.000 84.000
-44.000 170.000 -89.000
-59.000 151.000 16.000
72.000 191.000 59.000
-119.000 191.000 -70.000
171.000 154.000 31.000
-13.000 157.000 -89.000
211.000 207.000 81.000
124.000 204.000 10.000
-134.000 196.000 7.000
13.000 186.000 56.000
118.000 181.000 15.000
-169.000 141.000 -44.000
192.000 203.000 105.000
5.000 166.000 21.000
-148.000 133.000 -93.000
-33.000 185.000 -23.000
-10.000 203.000 26.000
-83.000 199.000 -50.000
77.000 184.000 101.000
36.000 163.000 -2.000
-83.000 178.000 -1.000
-194.000 167.000 -65.000
-146.000 190.000 -48.000
29.000 161.000 70.000
-184.000 162.000 -50.000
-89.000 181.000 -13.000
-145.000 179.000 7.000
116.000 168.000 113.000
48.000 159.000 -10.000
120.000 201.000 121.000
-44.000 170.000 -52.000
-5.000 185.000 13.000
94.000 175.000 20.000
-86.000 177.000 45.000
153.000 175.000 112.000
-40.000 182.000 -79.000
-112.000 162.000 -26.000
-133.000 148.000 -21.000
4.000 177.000 84.000
-65.000 207.000 -31.000
-11.000 188.000 33.000
-34.000 193.000 -40.000
-72.000 182.000 -86.000
37.000 183.000 100.000
144.000 167.000 54.000
-86.000 150.000 -4.000
-66.000 137.000 -111.000
-16.000 145.000 -62.000
144.000 186.000 112.000
-57.000 153.000 -36.000
42.000 195.000 53.000
-73.000 183.000 -95.000
-129.000 161.000 -32.000
95.000 166.000 -41.000
-61.000 174.000 56.000
18.000 155.000 62.000
93.000 207.000 66.000
95.000 201.000 82.000
-189.000 147.000 -32.000
-54.000 197.000 43.000
86.000 155.000 -39.000
-76.000 159.000 -7.000
-89.000 148.000 -123.000
-106.000 172.000 -72.000
-81.000 135.000 -70.000
46.000 172.000 102.000
131.000 181.000 -13.000
-128.000 168.000 -54.000
-30.000 148.000 -75.000
-178.000 172.000 -23.000
-188.000 157.000 -53.000
203.000 190.000 30.000
-143.000 187.000 -43.000
-77.000 206.000 4.000
-31.000 189.000 59.000
-51.000 152.000 14.000
-63.000 179.000 30.000
4.000 203.000 -35.000
-86.000 159.000 -43.000
97.000 198.000 38.000
151.000 191.000 1.000
-140.000 181.000 -62.000
-116.000 163.000 -113.000
-80.000 199.000 -34.000
-18.000 181.000 41.000
112.000 162.000 31.000
152.000 156.000 19.000
-190.000 145.000 -76.000
173.000 176.000 39.000
84.000 202.000 54.000
110.000 174.000 11.000
25.000 171.000 -43.000
17.000 191.000 -36.000
-69.000 190.000 -72.000
183.000 192.000 85.000
-87.000 152.000 -2.000
128.000 169.000 31.000
213.000 204.000 96.000
-156.000 189.000 3.000
-7.000 178.000 -24.000
186.000 189.000 115.000
-140.000 171.000 2.000
130.000 194.000 75.000
-124.000 141.000 -82.000
58.000 145.000 30.000
-73.000 171.000 -44.000
-161.000 148.000 -78.000
-11.000 156.000 -93.000
131.000 175.000 19.000
-105.000 157.000 -2.000
-5.000 155.000 3.000
105.000 168.000 11.000
156.000 204.000 123.000
86.000 198.000 50.000
-163.000 165.000 -28.000
-55.000 134.000 -90.000
199.000 194.000 102.000
-162.000 189.000 3.000
214.000 181.000 76.000
-158.000 139.000 -78.000
98.000 178.000 25.000
69.000 173.000 23.000
-64.000 162.000 42.000
-128.000 205.000 31.000
-50.000 198.000 9.000
-97.000 195.000 44.000
147.000 201.000 28.000
-175.000 199.000 -16.000
-123.000 143.000 -104.000
119.000 178.000 122.000
-59.000 186.000 -2.000
-19.000 156.000 -64.000
-105.000 139.000 -81.000
-109.000 181.000 -83.000
155.000 199.000 47.000
180.000 200.000 36.000
112.000 177.000 -35.000
73.000 178.000 33.000
2.000 174.000 -47.000
-152.000 165.000 -51.000
-65.000 179.000 24.000
-125.000 154.000 -66.000
45.000 180.000 68.000
4.000 206.000 -23.000
-25.000 162.000 -50.000
-22.000 174.000 36.000
69.000 202.000 16.000
-52.000 168.000 -64.000
5.000 161.000 28.000
191.000 177.000 15.000
-17.000 181.000 -1.000
128.000 192.000 79.000
24.000 159.000 73.000
120.000 193.000 35.000
-1.000 198.000 -9.000
48.000 178.000 -38.000
-90.000 162.000 -65.000
-38.000 169.000 66.000
-140.000 179.000 -46.000
133.000 188.000 43.000
-179.000 191.000 4.000
30.000 189.000 22.000
-146.000 140.000 -74.000
155.000 177.000 23.000
15.000 180.000 95.000
-143.000 178.000 -50.000
47.000 187.000 28.000
-19.000 166.000 -84.000
103.000 177.000 1.000
24.000 181.000 -62.000
127.000 197.000 61.000
-83.000 148.000 -119.000
131.000 164.000 -11.000
67.000 199.000 31.000
-131.000 145.000 -104.000
95.000 173.000 31.000
17.000 175.000 93.000
140.000 179.000 9.000
29.000 200.000 19.000
132.000 191.000 120.000
99.000 182.000 12.000
7.000 193.000 -53.000
-130.000 181.000 -118.000
41.000 185.000 72.000
131.000 157.000 78.000
-138.000 196.000 -50.000
171.000 154.000 38.000
21.000 200.000 27.000
-18.000 176.000 -91.000
-39.000 134.000 -92.000
145.000 188.000 119.000
-81.000 177.000 -37.000
61.000 171.000 69.000
-204.000 152.000 -60.000
-159.000 202.000 -3.000
37.000 193.000 90.000
34.000 180.000 93.000
46.000 164.000 47.000
-105.000 172.000 -66.000
142.000 183.000 52.000
-72.000 157.000 -65.000
61.000 159.000 56.000
142.000 174.000 20.000
188.000 194.000 114.000
-67.000 167.000 -19.000
-76.000 168.000 -6.000
211.000 173.000 38.000
-5.000 157.000 -74.000
-64.000 202.000 -55.000
6.000 154.000 -19.000
-101.000 188.000 15.000
192.000 182.000 17.000
-80.000 177.000 36.000
71.000 145.000 -12.000
-136.000 137.000 -75.000
-43.000 196.000 -2.000
113.000 153.000 -18.000
132.000 166.000 87.000
103.000 167.000 53.000
38.000 188.000 12.000
172.000 195.000 45.000
-132.000 182.000 -40.000
-150.000 148.000 -24.000
-132.000 190.000 -78.000
-9.000 149.000 -85.000
122.000 158.000 12.000
-151.000 180.000 -5.000
-22.000 171.000 54.000
-23.000 184.000 60.000
61.000 195.000 -7.000
9.000 151.000 -44.000
48.000 163.000 -58.000
12.000 149.000 -11.000
-134.000 201.000 9.000
-14.000 189.000 0.000
-19.000 174.000 66.000
-35.000 178.000 52.000
-85.000 165.000 -59.000
-56.000 164.000 -27.000
-111.000 168.000 -92.000
106.000 176.000 -36.000
-77.000 186.000 -82.000
-187.000 200.000 -24.000
-64.000 194.000 24.000
-18.000 189.000 33.000
-33.000 164.000 -67.000
-148.000 169.000 -83.000
-149.000 185.000 40.000
98.000 164.000 -11.000
159.000 161.000 56.000
38.000 159.000 53.000
31.000 192.000 4.000
-156.000 154.000 -48.000
-14.000 165.000 -9.000
115.000 167.000 101.000
168.000 178.000 96.000
-15.000 193.000 69.000
-13.000 204.000 32.000
108.000 189.000 52.000
216.000 192.000 63.000
0.000 174.000 30.000
-125.000 184.000 -36.000
59.000 162.000 -29.000
-196.000 153.000 -39.000
49.000 186.000 102.000
-103.000 197.000 -59.000
-63.000 167.000 -17.000
19.000 152.000 36.000
-191.000 198.000 6.000
42.000 189.000 42.000
39.000 155.000 2.000
71.000 160.000 19.000
95.000 186.000 59.000
94.000 183.000 15.000
168.000 204.000 90.000
137.000 182.000 34.000
-12.000 171.000 24.000
-196.000 192.000 -9.000
52.000 155.000 -56.000
65.000 155.000 9.000
-154.000 197.000 30.000
186.000 192.000 113.000
165.000 184.000 49.000
-18.000 166.000 68.000
169.000 189.000 54.000
10.000 202.000 50.000
142.000 203.000 33.000
7.000 180.000 32.000
16.000 181.000 20.000
191.000 190.000 20.000
-62.000 204.000 21.000
-70.000 182.000 -44.000
113.000 192.000 64.000
182.000 173.000 47.000
88.000 157.000 13.000
100.000 186.000 45.000
-11.000 158.000 37.000
-133.000 141.000 -23.000
72.000 197.000 75.000
-178.000 145.000 -48.000
-31.000 158.000 -67.000
105.000 157.000 -37.000
116.000 184.000 71.000
-120.000 197.000 25.000
-112.000 145.000 -64.000
120.000 149.000 26.000
-14.000 191.000 -28.000
-162.000 184.000 -74.000
-12.000 204.000 -10.000
101.000 170.000 49.000
-92.000 141.000 -73.000
-138.000 165.000 3.000
8.000 181.000 -49.000
58.000 181.000 89.000
101.000 201.000 119.000
-59.000 142.000 -45.000
-188.000 193.000 -31.000
108.000 153.000 8.000
-148.000 172.000 -98.000
-119.000 141.000 -53.000
-103.000 155.000 -27.000
-55.000 167.000 -54.000
-102.000 194.000 -31.000
143.000 193.000 86.000
95.000 174.000 -25.000
-103.000 169.000 -104.000
-122.000 198.000 27.000
-109.000 160.000 25.000
16.000 182.000 9.000
-141.000 185.000 -60.000
-58.000 185.000 2.000
61.000 166.000 53.000
-8.000 166.000 -74.000
-189.000 168.000 -6.000
15.000 176.000 18.000
115.000 174.000 -1.000
63.000 184.000 70.000
38.000 141.000 -30.000
-70.000 133.000 -81.000
133.000 175.000 8.000
75.000 159.000 -45.000
-50.000 205.000 -1.000
48.000 187.000 95.000
57.000 139.000 -32.000
-26.000 178.000 -88.000
187.000 167.000 68.000
-105.000 153.000 -79.000
135.000 164.000 42.000
32.000 148.000 12.000
-17.000 162.000 -33.000
5.000 170.000 -6.000
-167.000 197.000 -6.000
50.000 162.000 -58.000
-15.000 180.000 -28.000
-39.000 171.000 -71.000
81.000 169.000 -25.000
39.000 170.000 68.000
58.000 180.000 3.000
-19.000 194.000 -22.000
-16.000 140.000 -20.000
-25.000 163.000 -36.000
-48.000 202.000 24.000
-50.000 155.000 6.000
-183.000 196.000 -2.000
18.000 194.000 35.000
-114.000 171.000 -7.000
85.000 194.000 114.000
-207.000 164.000 -38.000
-95.000 161.000 -25.000
-150.000 164.000 -11.000
-146.000 188.000 -77.000
149.000 148.000 38.000
16.000 170.000 11.000
-109.000 144.000 -9.000
84.000 194.000 77.000
75.000 179.000 81.000
14.000 187.000 -7.000
-66.000 191.000 0.000
-90.000 177.000 -84.000
80.000 194.000 -15.000
-55.000 184.000 -89.000
-39.000 157.000 -5.000
106.000 159.000 28.000
27.000 152.000 -7.000
-62.000 207.000 -21.000
31.000 165.000 12.000
-191.000 146.000 -63.000
162.000 160.000 41.000
107.000 165.000 53.000
-91.000 147.000 -69.000
188.000 197.000 86.000
110.000 172.000 110.000
-37.000 166.000 -30.000
-78.000 189.000 -11.000
72.000 153.000 -18.000
18.000 158.000 30.000
11.000 151.000 29.000
49.000 187.000 95.000
148.000 158.000 15.000
14.000 171.000 -6.000
-15.000 203.000 -37.000
-197.000 189.000 -32.000
-11.000 185.000 38.000
